 4   1 3 [ 1 ] 
 0      .....pad
 7   1 0 [ 2 ] 
 0      .....pad
1   [Number of trianglegroups]
 0      .....pad
 11   1 3 [ 3 ] 
 0
 0
 0      .....pad
 118 ...number of triangles    tell says: 97 
  137    136    135
  134    133    132
  131    130    129
  128    127    126
  125    124    123
  122    121    120
  119    118    117
  116    115    114
  113    112    111
  110    109    108
  107    106    105
  104    103    102
  101     29    100
   30     99     98
   97     28     96
   27     95     94
   93     92     91
   90     86     84
   89     88     87
   86     85     84
   83     80     81
   82     81     80
   79     78     76
   78     77     76
   32     75     74
   34     33     31
   70     73     72
   72     71     70
   69     68     67
   66     65     64
   63     62     61
   60     59     58
   26     55     57
   24     26     57
   23     24     57
   52     23     57
   22     23     52
   21     22     52
   25     26     24
   56     55     26
   20     51     54
   21     51     20
   21     20     53
   52     51     21
   49     18     50
   18     49     48
   47     46     16
   47     16     14
   47     14     13
   47     13     41
   41     13     12
   41     12     11
   14     16     15
   16     46     17
   45     42      9
   44     43     10
    9     42     11
   11     42     41
   38     39     40
   39     38     37
   36      8     19
    8     36     35
    7      4      6
    4      7      5
    3      0      1
    0      3      2
  245    244    243
  242    241    240
  239    238    237
  236    235    234
  230    233    232
  232    231    230
  226    229    228
  228    227    226
  225    224    222
  224    223    222
  221    220    219
  218    217    216
  215    214    213
  159    212    211
  210    209    208
  207    206    205
  204    203    202
  158    201    200
  199    198    197
  196    195    194
  193    192    191
  190    189    188
  187    186    185
  184    183    182
  164    163    162
  162    165    164
  155    156    154
  156    178    154
  156    181    178
  156    179    181
  156    147    179
  156    160    147
  156    157    160
  147    180    179
  178    177    154
  174    153    176
  176    175    174
  173    151    172
  173    150    151
  173    149    150
  173    144    149
  173    171    144
  144    161    149
  161    148    149
  151    152    172
  144    171    170
  142    143    169
  169    168    142
  146    145    167
  167    166    146
  141    139    138
  138    140    141
 0 ...groupflag    tell says: 809 
 0 0 0 0 0    .... first time bytes
 10   1 0 [ 4 ]  11   [ 3 ] 
 6   1 0 [ 5 ]  7   [ 2 ] 
246   [Number of vertices]
 0      .....pad
2   [Number of floatpairgroups]
 0      .....pad
 18   1 0 [ 6 ] 
 4   [type identifier]   tell says: 866 
 0      .....pad
246   [Number of vertices]
   0.5405885      0.1829410
   0.5405885      0.0912033
   0.5340439      0.1829410
   0.5340439      0.0912033
   0.5405885      0.0912033
   0.5405885      0.1829410
   0.5340439      0.0912033
   0.5340439      0.1829410
   0.5332301      0.1639464
   0.6142024      0.1638992
   0.1625932      0.2121926
   0.6019733      0.1682137
   0.5943121      0.1811278
   0.5933647      0.1925071
   0.6005508      0.1986341
   0.6069219      0.1944596
   0.6132954      0.2070137
   0.6250000      0.2092415
   0.5397747      0.2094151
   0.5397747      0.1635391
   0.6142024      0.1638992
   0.6019733      0.1682137
   0.5943121      0.1811278
   0.5933647      0.1925071
   0.6005508      0.1986341
   0.6069219      0.1944596
   0.6132954      0.2070137
   0.1546925      0.2251149
   0.1454339      0.2242276
   0.1546925      0.2128649
   0.1454339      0.2137522
   0.1494189      0.2174922
   0.1413220      0.2172506
   0.1494189      0.2238203
   0.1445317      0.2235787
   0.5332301      0.0642998
   0.5397747      0.0642998
   0.5397747      0.0642998
   0.5397747      0.2500000
   0.5332301      0.0642998
   0.5332301      0.2500000
   0.5332624      0.0642998
   0.6250000      0.0642998
   0.1716436      0.2086418
   0.1759581      0.2208710
   0.6250000      0.1639464
   0.6250000      0.2500000
   0.5332624      0.2500000
   0.5397747      0.2500000
   0.5332301      0.2500000
   0.5332301      0.2092415
   0.6250000      0.0642998
   0.5332624      0.0642998
   0.6055241      0.1772641
   0.6250000      0.1639464
   0.6250000      0.2500000
   0.6250000      0.2092415
   0.5332624      0.2500000
   0.1473456      0.2040196
   0.1538901      0.2040196
   0.1538901      0.2148172
   0.1473456      0.2148172
   0.1473456      0.2040196
   0.1538901      0.2148172
   0.1759581      0.2118679
   0.1759581      0.2184124
   0.1625932      0.2151401
   0.1716436      0.2172757
   0.1716436      0.2238203
   0.1625932      0.2205480
   0.1587294      0.2118679
   0.1716436      0.2118679
   0.1716436      0.2184124
   0.1587294      0.2184124
   0.1494189      0.2174922
   0.1445317      0.2235787
   0.1473456      0.2000332
   0.1538901      0.2000332
   0.1538901      0.2072193
   0.1473456      0.2072193
   0.1538901      0.2072193
   0.1473456      0.2135904
   0.1473456      0.2072193
   0.1538901      0.2135904
   0.1453977      0.2118679
   0.1453977      0.2184124
   0.1328435      0.2184124
   0.1473456      0.2316686
   0.1538901      0.2199640
   0.1538901      0.2316686
   0.1328435      0.2118679
   0.1473456      0.2199640
   0.1538901      0.2199640
   0.1473456      0.2316686
   0.1473501      0.2000332
   0.1587294      0.2009806
   0.1546925      0.2251149
   0.1473501      0.2000332
   0.1587294      0.2347076
   0.1473501      0.2356549
   0.1454339      0.2137522
   0.1587294      0.2347076
   0.1473456      0.2009806
   0.1538901      0.2009806
   0.1573400      0.2228233
   0.1573400      0.2228233
   0.1512098      0.2251149
   0.1473456      0.2009806
   0.1538901      0.2356549
   0.1473456      0.2356549
   0.1508781      0.2114605
   0.1508781      0.2114605
   0.1570083      0.2137522
   0.1538901      0.2356549
   0.1512098      0.2251149
   0.1573400      0.2228233
   0.1592980      0.2339858
   0.1592980      0.2339858
   0.1529699      0.2356549
   0.1512098      0.2251149
   0.1546925      0.2128649
   0.1454339      0.2137522
   0.1445317      0.2026184
   0.1445317      0.2026184
   0.1494189      0.2017024
   0.1546925      0.2128649
   0.1570083      0.2137522
   0.1508781      0.2114605
   0.1527282      0.2009493
   0.1527282      0.2009493
   0.1590564      0.2026184
   0.1570083      0.2137522
   0.1454339      0.2242276
   0.1546925      0.2251149
   0.1494189      0.2356549
   0.1494189      0.2356549
   0.1413220      0.2347389
   0.1454339      0.2242276
   0.5405885      0.1829410
   0.5405885      0.0912033
   0.5340439      0.1829410
   0.5340439      0.0912033
   0.5397747      0.2500000
   0.5332301      0.2500000
   0.6135776      0.1651203
   0.5332301      0.1650404
   0.5397747      0.1653547
   0.6151059      0.1654563
   0.6135341      0.1923169
   0.6012096      0.1916833
   0.5980548      0.2332858
   0.5783656      0.2375003
   0.5785348      0.2500000
   0.5340439      0.1374809
   0.5805372      0.2365628
   0.6045855      0.2315564
   0.6033712      0.1923519
   0.6150576      0.1923727
   0.1549617      0.1890664
   0.1560542      0.1807844
   0.6150769      0.1816401
   0.6135517      0.1812792
   0.1627205      0.2035072
   0.1615959      0.2035463
   0.1616078      0.1960370
   0.1627316      0.1957844
   0.5397747      0.0642998
   0.5332301      0.0642998
   0.5397747      0.0642998
   0.5332301      0.0642998
   0.6250000      0.1650405
   0.6250000      0.0642998
   0.5332624      0.2500000
   0.5332624      0.0642998
   0.5405885      0.1364758
   0.5405885      0.0912033
   0.5340439      0.0912033
   0.5795399      0.2500000
   0.5332624      0.2500000
   0.6250000      0.0642998
   0.6250000      0.1653547
   0.5332624      0.0642998
   0.1715471      0.3852463
   0.1716516      0.3919651
   0.1836972      0.3945724
   0.1829690      0.3877186
   0.1715471      0.3852463
   0.1836972      0.3945724
   0.1895354      0.3762994
   0.1826816      0.3756308
   0.1889579      0.4130126
   0.1826816      0.3756308
   0.1829565      0.4166462
   0.1889579      0.4130126
   0.1778489      0.4214478
   0.1778847      0.4339476
   0.1844938      0.4339476
   0.1847048      0.4205104
   0.1778489      0.4214478
   0.1844938      0.4339476
   0.1619034      0.2038661
   0.1641186      0.2043689
   0.1641186      0.2043689
   0.1462564      0.2042411
   0.1549617      0.1890664
   0.1464311      0.2037036
   0.1619034      0.2038661
   0.1549617      0.1890664
   0.1462564      0.2042411
   0.1464311      0.2037036
   0.1549617      0.1890664
   0.1440030      0.1973948
   0.1708455      0.2020546
   0.1692229      0.2030601
   0.1406957      0.2023779
   0.1560542      0.1807844
   0.1406957      0.2023779
   0.1440030      0.1973948
   0.1560542      0.1807844
   0.1708455      0.2020546
   0.1692229      0.2030601
   0.1560542      0.1807844
   0.1920117      0.3655876
   0.1920179      0.3494038
   0.1852981      0.3490679
   0.1852927      0.3652267
   0.1524762      0.1847368
   0.1524486      0.2023970
   0.1627205      0.2035072
   0.1627316      0.1957844
   0.1526159      0.2024863
   0.1526460      0.1853142
   0.1616078      0.1960370
   0.1615959      0.2035463
   0.1526460      0.1853142
   0.1524762      0.1847368
   0.1627316      0.1957844
   0.1627316      0.1957844
   0.1616078      0.1960370
   0.1526460      0.1853142
   0.1716516      0.3919651
   0.1715471      0.3852463
   0.1659346      0.3836102
   0.1659346      0.3836102
   0.1652317      0.3864634
   0.1716516      0.3919651

 0 0 0 0    .... footer bytes
 17   1 0 [ 7 ]  18   [ 6 ] 
 18   [ 8 ] 
 1   [type identifier]   tell says: 2868 
246   [Number of vertices]
   0.0000000      0.0000000
   0.0000000      0.0000000
   0.0000000      0.0000000
   0.0000000      0.0000000
   0.0000000      0.0000000
   0.0000000      0.0000000
   0.0000000      0.0000000
   0.0000000      0.0000000
   0.0000000      0.0000000
   0.0000000      0.0000000
   0.0000000      0.0000000
   0.0000000      0.0000000
   0.0000000      0.0000000
   0.0000000      0.0000000
   0.0000000      0.0000000
   0.0000000      0.0000000
   0.0000000      0.0000000
   0.0000000      0.0000000
   0.0000000      0.0000000
   0.0000000      0.0000000
   0.0000000      0.0000000
   0.0000000      0.0000000
   0.0000000      0.0000000
   0.0000000      0.0000000
   0.0000000      0.0000000
   0.0000000      0.0000000
   0.0000000      0.0000000
   0.0000000      0.0000000
   0.0000000      0.0000000
   0.0000000      0.0000000
   0.0000000      0.0000000
   0.0000000      0.0000000
   0.0000000      0.0000000
   0.0000000      0.0000000
   0.0000000      0.0000000
   0.0000000      0.0000000
   0.0000000      0.0000000
   0.0000000      0.0000000
   0.0000000      0.0000000
   0.0000000      0.0000000
   0.0000000      0.0000000
   0.0000000      0.0000000
   0.0000000      0.0000000
   0.0000000      0.0000000
   0.0000000      0.0000000
   0.0000000      0.0000000
   0.0000000      0.0000000
   0.0000000      0.0000000
   0.0000000      0.0000000
   0.0000000      0.0000000
   0.0000000      0.0000000
   0.0000000      0.0000000
   0.0000000      0.0000000
   0.0000000      0.0000000
   0.0000000      0.0000000
   0.0000000      0.0000000
   0.0000000      0.0000000
   0.0000000      0.0000000
   0.0000000      0.0000000
   0.0000000      0.0000000
   0.0000000      0.0000000
   0.0000000      0.0000000
   0.0000000      0.0000000
   0.0000000      0.0000000
   0.0000000      0.0000000
   0.0000000      0.0000000
   0.0000000      0.0000000
   0.0000000      0.0000000
   0.0000000      0.0000000
   0.0000000      0.0000000
   0.0000000      0.0000000
   0.0000000      0.0000000
   0.0000000      0.0000000
   0.0000000      0.0000000
   0.0000000      0.0000000
   0.0000000      0.0000000
   0.0000000      0.0000000
   0.0000000      0.0000000
   0.0000000      0.0000000
   0.0000000      0.0000000
   0.0000000      0.0000000
   0.0000000      0.0000000
   0.0000000      0.0000000
   0.0000000      0.0000000
   0.0000000      0.0000000
   0.0000000      0.0000000
   0.0000000      0.0000000
   0.0000000      0.0000000
   0.0000000      0.0000000
   0.0000000      0.0000000
   0.0000000      0.0000000
   0.0000000      0.0000000
   0.0000000      0.0000000
   0.0000000      0.0000000
   0.0000000      0.0000000
   0.0000000      0.0000000
   0.0000000      0.0000000
   0.0000000      0.0000000
   0.0000000      0.0000000
   0.0000000      0.0000000
   0.0000000      0.0000000
   0.0000000      0.0000000
   0.0000000      0.0000000
   0.0000000      0.0000000
   0.0000000      0.0000000
   0.0000000      0.0000000
   0.0000000      0.0000000
   0.0000000      0.0000000
   0.0000000      0.0000000
   0.0000000      0.0000000
   0.0000000      0.0000000
   0.0000000      0.0000000
   0.0000000      0.0000000
   0.0000000      0.0000000
   0.0000000      0.0000000
   0.0000000      0.0000000
   0.0000000      0.0000000
   0.0000000      0.0000000
   0.0000000      0.0000000
   0.0000000      0.0000000
   0.0000000      0.0000000
   0.0000000      0.0000000
   0.0000000      0.0000000
   0.0000000      0.0000000
   0.0000000      0.0000000
   0.0000000      0.0000000
   0.0000000      0.0000000
   0.0000000      0.0000000
   0.0000000      0.0000000
   0.0000000      0.0000000
   0.0000000      0.0000000
   0.0000000      0.0000000
   0.0000000      0.0000000
   0.0000000      0.0000000
   0.0000000      0.0000000
   0.0000000      0.0000000
   0.0000000      0.0000000
   0.0000000      0.0000000
   0.0000000      0.0000000
   0.0000000      0.0000000
   0.0000000      0.0000000
   0.0000000      0.0000000
   0.0000000      0.0000000
   0.0000000      0.0000000
   0.0000000      0.0000000
   0.0000000      0.0000000
   0.0000000      0.0000000
   0.0000000      0.0000000
   0.0000000      0.0000000
   0.0000000      0.0000000
   0.0000000      0.0000000
   0.0000000      0.0000000
   0.0000000      0.0000000
   0.0000000      0.0000000
   0.0000000      0.0000000
   0.0000000      0.0000000
   0.0000000      0.0000000
   0.0000000      0.0000000
   0.0000000      0.0000000
   0.0000000      0.0000000
   0.0000000      0.0000000
   0.0000000      0.0000000
   0.0000000      0.0000000
   0.0000000      0.0000000
   0.0000000      0.0000000
   0.0000000      0.0000000
   0.0000000      0.0000000
   0.0000000      0.0000000
   0.0000000      0.0000000
   0.0000000      0.0000000
   0.0000000      0.0000000
   0.0000000      0.0000000
   0.0000000      0.0000000
   0.0000000      0.0000000
   0.0000000      0.0000000
   0.0000000      0.0000000
   0.0000000      0.0000000
   0.0000000      0.0000000
   0.0000000      0.0000000
   0.0000000      0.0000000
   0.0000000      0.0000000
   0.0000000      0.0000000
   0.0000000      0.0000000
   0.0000000      0.0000000
   0.0000000      0.0000000
   0.0000000      0.0000000
   0.0000000      0.0000000
   0.0000000      0.0000000
   0.0000000      0.0000000
   0.0000000      0.0000000
   0.0000000      0.0000000
   0.0000000      0.0000000
   0.0000000      0.0000000
   0.0000000      0.0000000
   0.0000000      0.0000000
   0.0000000      0.0000000
   0.0000000      0.0000000
   0.0000000      0.0000000
   0.0000000      0.0000000
   0.0000000      0.0000000
   0.0000000      0.0000000
   0.0000000      0.0000000
   0.0000000      0.0000000
   0.0000000      0.0000000
   0.0000000      0.0000000
   0.0000000      0.0000000
   0.0000000      0.0000000
   0.0000000      0.0000000
   0.0000000      0.0000000
   0.0000000      0.0000000
   0.0000000      0.0000000
   0.0000000      0.0000000
   0.0000000      0.0000000
   0.0000000      0.0000000
   0.0000000      0.0000000
   0.0000000      0.0000000
   0.0000000      0.0000000
   0.0000000      0.0000000
   0.0000000      0.0000000
   0.0000000      0.0000000
   0.0000000      0.0000000
   0.0000000      0.0000000
   0.0000000      0.0000000
   0.0000000      0.0000000
   0.0000000      0.0000000
   0.0000000      0.0000000
   0.0000000      0.0000000
   0.0000000      0.0000000
   0.0000000      0.0000000
   0.0000000      0.0000000
   0.0000000      0.0000000
   0.0000000      0.0000000
   0.0000000      0.0000000
   0.0000000      0.0000000
   0.0000000      0.0000000
   0.0000000      0.0000000
   0.0000000      0.0000000
   0.0000000      0.0000000
   0.0000000      0.0000000
   0.0000000      0.0000000
   0.0000000      0.0000000
   0.0000000      0.0000000
   0.0000000      0.0000000
   0.0000000      0.0000000
   0.0000000      0.0000000
   0.0000000      0.0000000

 0 0 0 0    .... footer bytes
 17   [ 9 ]  18   [ 8 ] 
 0      .....pad
1   [Number of floattriplesgroups]
 0      .....pad
 23   1 0 [ 10 ] 
 0   [type identifier]   tell says: 4876 
 0      .....pad
246   [Number of vertices]
   2.9682262      2.9712026     -0.1047134
   0.0326226      2.9712026     -0.1047134
   2.9682262      2.9712026      0.1047128
   0.0326226      2.9712026      0.1047128
   2.9682262     -2.9712012     -0.1047140
   0.0326226     -2.9712012     -0.1047140
   2.9682262     -2.9712012      0.1047120
   0.0326226     -2.9712012      0.1047120
   0.0326226     -0.2174869     -0.1047137
   0.3781457     -0.2159780     -0.1047137
   0.6558536     -0.6436533     -0.0000009
   0.7694776     -0.3540400     -0.1047137
   1.0146378     -0.7672921     -0.1047138
   1.0449516     -1.1314300     -0.1047138
   0.8149983     -1.3274950     -0.1047138
   0.6111230     -1.1939108     -0.1047138
   0.4071690     -1.5956426     -0.1047139
   0.0326226     -1.6669300     -0.1047139
   0.0326226     -1.6697078      0.1047121
   0.0326226     -0.2109701      0.1047123
   0.3781457     -0.2159781      0.1047121
   0.7694776     -0.3540400      0.1047121
   1.0146378     -0.7672921      0.1047120
   1.0449516     -1.1314300      0.1047120
   0.8149983     -1.3274950      0.1047119
   0.6111230     -1.1939108      0.1047120
   0.4071690     -1.5956426      0.1047119
   0.2423383     -0.8964764      0.0189432
   0.2707327     -1.1927496      0.0083283
   0.3156724     -0.8964764      0.2151097
   0.3440668     -1.1927496      0.2044948
  -0.0949392     -1.0652298      0.0752642
  -0.0656280     -1.3243312      0.0675331
  -0.0415277     -1.0652298      0.2777646
  -0.0122165     -1.2216183      0.2700334
   0.0326226      2.9712026     -0.1047134
   0.0326226      2.9712026      0.1047128
   2.9682262      2.9712026     -0.1047134
   2.9682262     -2.9712012     -0.1047140
   2.9682262      2.9712026      0.1047128
   2.9682262     -2.9712012      0.1047120
   2.9682262      2.9712026     -0.1047134
   0.0326226      2.9712026     -0.1047134
   0.7694776     -0.3540400     -0.1047137
   0.3781457     -0.2159780     -0.1047137
   0.0326226     -0.2174869     -0.1047137
   0.0326226     -2.9712012     -0.1047140
   2.9682262     -2.9712012     -0.1047140
   0.0326226     -2.9712012      0.1047120
   0.0326226     -2.9712012     -0.1047140
   0.0326226     -1.6669300     -0.1047139
   0.0326226      2.9712026      0.1047128
   2.9682262      2.9712026      0.1047128
   0.6558536     -0.6436533     -0.0000009
   0.0326226     -0.2109701      0.1047123
   0.0326226     -2.9712012      0.1047120
   0.0326226     -1.6697078      0.1047121
   2.9682262     -2.9712012      0.1047120
   0.0326226     -0.2174869     -0.1047137
   0.0326226     -0.2109701      0.1047123
   0.3781457     -0.2159781      0.1047121
   0.3781457     -0.2159780     -0.1047137
   0.0326226     -0.2174869     -0.1047137
   0.3781457     -0.2159781      0.1047121
   0.3781457     -0.2159780     -0.1047137
   0.3781457     -0.2159781      0.1047121
   0.6558536     -0.6436533     -0.0000009
   0.7694776     -0.3540400      0.1047121
   0.7694776     -0.3540400     -0.1047137
   0.6558536     -0.6436533     -0.0000009
   1.0146378     -0.7672921     -0.1047138
   0.7694776     -0.3540400     -0.1047137
   0.7694776     -0.3540400      0.1047121
   1.0146378     -0.7672921      0.1047120
  -0.0949392     -1.0652298      0.0752642
  -0.0122165     -1.2216183      0.2700334
   1.0449516     -1.1314300     -0.1047138
   1.0449516     -1.1314300      0.1047120
   0.8149983     -1.3274950      0.1047119
   0.8149983     -1.3274950     -0.1047138
   0.8149983     -1.3274950      0.1047119
   0.6111230     -1.1939108     -0.1047138
   0.8149983     -1.3274950     -0.1047138
   0.6111230     -1.1939108      0.1047120
   0.6111230     -1.1939108     -0.1047138
   0.6111230     -1.1939108      0.1047120
   0.4071690     -1.5956426      0.1047119
   0.0326226     -1.6669300     -0.1047139
   0.4071690     -1.5956426      0.1047119
   0.0326226     -1.6697078      0.1047121
   0.4071690     -1.5956426     -0.1047139
   0.4071690     -1.5956426     -0.1047139
   0.4071690     -1.5956426      0.1047119
   0.0326226     -1.6669300     -0.1047139
   1.0449516     -1.1314300     -0.1047138
   1.0146378     -0.7672921     -0.1047138
   0.2423383     -0.8964764      0.0189432
   1.0449516     -1.1314300     -0.1047138
   1.0146378     -0.7672921      0.1047120
   1.0449516     -1.1314300      0.1047120
   0.3440668     -1.1927496      0.2044948
   1.0146378     -0.7672921      0.1047120
   1.0146378     -0.7672921     -0.1047138
   1.0146378     -0.7672921      0.1047120
   0.3156724     -0.8964764      0.2151097
   0.3156724     -0.8964764      0.2151097
   0.2423383     -0.8964764      0.0189432
   1.0146378     -0.7672921     -0.1047138
   1.0449516     -1.1314300      0.1047120
   1.0449516     -1.1314300     -0.1047138
   0.2707327     -1.1927496      0.0083283
   0.2707327     -1.1927496      0.0083283
   0.3440668     -1.1927496      0.2044948
   1.0449516     -1.1314300      0.1047120
   0.2423383     -0.8964764      0.0189432
   0.3156724     -0.8964764      0.2151097
  -0.0415277     -1.0652298      0.2777646
  -0.0415277     -1.0652298      0.2777646
  -0.0949392     -1.0652298      0.0752642
   0.2423383     -0.8964764      0.0189432
   0.3156724     -0.8964764      0.2151097
   0.3440668     -1.1927496      0.2044948
  -0.0122165     -1.2216183      0.2700334
  -0.0122165     -1.2216183      0.2700334
  -0.0415277     -1.0652298      0.2777646
   0.3156724     -0.8964764      0.2151097
   0.3440668     -1.1927496      0.2044948
   0.2707327     -1.1927496      0.0083283
  -0.0656280     -1.3243312      0.0675331
  -0.0656280     -1.3243312      0.0675331
  -0.0122165     -1.2216183      0.2700334
   0.3440668     -1.1927496      0.2044948
   0.2707327     -1.1927496      0.0083283
   0.2423383     -0.8964764      0.0189432
  -0.0949392     -1.0652298      0.0752642
  -0.0949392     -1.0652298      0.0752642
  -0.0656280     -1.3243312      0.0675331
   0.2707327     -1.1927496      0.0083283
  -2.9682260      2.9712026     -0.1047137
  -0.0326224      2.9712026     -0.1047137
  -2.9682260      2.9712026      0.1047126
  -0.0326224      2.9712026      0.1047126
  -2.9682260     -2.9712012     -0.1047137
  -2.9682260     -2.9712012      0.1047126
  -0.3766481     -0.2550514     -0.0589474
  -0.0194035     -0.2524967      0.0183795
  -0.0637087     -0.2625526      0.2230656
  -0.3731555     -0.2658025      0.1560847
  -0.3780083     -1.1253406     -0.0592418
  -0.7634658     -1.1050661     -0.1426756
  -0.7658647     -2.4175594     -0.1338784
  -1.4779301     -2.5712092     -0.2973240
  -1.4726336     -2.9712012     -0.2961776
  -1.4855069     -2.9712012     -0.0846879
  -1.4543144     -2.5412130     -0.0779361
  -0.7377937     -2.3012846      0.0581649
  -0.7401651     -1.1264620      0.0766442
  -0.3746622     -1.1271261      0.1557586
  -0.2025442     -0.5585487      0.0615472
  -1.0560123     -2.7434537      0.0637880
  -0.3740615     -0.7836835      0.1558886
  -0.3774562     -0.7721357     -0.0591224
  -0.1725710     -1.1475446      0.1168129
  -0.1950635     -1.1483254      0.2081136
  -0.1948238     -0.9981390      0.2082354
  -0.1723509     -0.9930892      0.1169248
  -0.0326224      2.9712026      0.1047126
  -0.0326224      2.9712026     -0.1047137
  -2.9682260      2.9712026     -0.1047137
  -2.9682260      2.9712026      0.1047126
  -0.0194035     -0.2524967      0.0183795
  -0.0326224      2.9712026     -0.1047137
  -2.9682260     -2.9712012     -0.1047137
  -2.9682260      2.9712026     -0.1047137
  -1.4726336     -2.9712012     -0.2961776
  -2.9682260     -2.9712012     -0.1047137
  -2.9682260     -2.9712012      0.1047126
  -1.4855069     -2.9712012     -0.0846879
  -2.9682260     -2.9712012      0.1047126
  -0.0326224      2.9712026      0.1047126
  -0.0637087     -0.2625526      0.2230656
  -2.9682260      2.9712026      0.1047126
  -0.3746622     -1.1271261      0.1557586
  -0.3780083     -1.1253406     -0.0592418
  -0.7634658     -1.1050661     -0.1426756
  -0.7401651     -1.1264620      0.0766442
  -0.3746622     -1.1271261      0.1557586
  -0.7634658     -1.1050661     -0.1426756
  -0.7401651     -1.1264620      0.0766442
  -0.7634658     -1.1050661     -0.1426756
  -0.7377937     -2.3012846      0.0581649
  -0.7634658     -1.1050661     -0.1426756
  -0.7658647     -2.4175594     -0.1338784
  -0.7377937     -2.3012846      0.0581649
  -1.4779301     -2.5712092     -0.2973240
  -1.4726336     -2.9712012     -0.2961776
  -1.4855069     -2.9712012     -0.0846879
  -1.4543144     -2.5412130     -0.0779361
  -1.4779301     -2.5712092     -0.2973240
  -1.4855069     -2.9712012     -0.0846879
  -0.0637087     -0.2625526      0.2230656
  -0.0194035     -0.2524967      0.0183795
  -0.0194035     -0.2524967      0.0183795
  -0.3766481     -0.2550514     -0.0589474
  -0.2025442     -0.5585487      0.0615472
  -0.3731555     -0.2658025      0.1560847
  -0.0637087     -0.2625526      0.2230656
  -0.2025442     -0.5585487      0.0615472
  -0.3766481     -0.2550514     -0.0589474
  -0.3731555     -0.2658025      0.1560847
  -0.2025442     -0.5585487      0.0615472
  -0.7658647     -2.4175594     -0.1338784
  -1.4779301     -2.5712092     -0.2973240
  -1.4543144     -2.5412130     -0.0779361
  -0.7377937     -2.3012846      0.0581649
  -1.0560123     -2.7434537      0.0637880
  -0.7377937     -2.3012846      0.0581649
  -0.7658647     -2.4175594     -0.1338784
  -1.0560123     -2.7434537      0.0637880
  -1.4779301     -2.5712092     -0.2973240
  -1.4543144     -2.5412130     -0.0779361
  -1.0560123     -2.7434537      0.0637880
  -0.3740615     -0.7836835      0.1558886
  -0.3731555     -0.2658025      0.1560847
  -0.3766481     -0.2550514     -0.0589474
  -0.3774562     -0.7721357     -0.0591224
  -0.3774562     -0.7721357     -0.0591224
  -0.3780083     -1.1253406     -0.0592418
  -0.1725710     -1.1475446      0.1168129
  -0.1723509     -0.9930892      0.1169248
  -0.3746622     -1.1271261      0.1557586
  -0.3740615     -0.7836835      0.1558886
  -0.1948238     -0.9981390      0.2082354
  -0.1950635     -1.1483254      0.2081136
  -0.3740615     -0.7836835      0.1558886
  -0.3774562     -0.7721357     -0.0591224
  -0.1723509     -0.9930892      0.1169248
  -0.1723509     -0.9930892      0.1169248
  -0.1948238     -0.9981390      0.2082354
  -0.3740615     -0.7836835      0.1558886
  -0.3780083     -1.1253406     -0.0592418
  -0.3746622     -1.1271261      0.1557586
  -0.1950635     -1.1483254      0.2081136
  -0.1950635     -1.1483254      0.2081136
  -0.1725710     -1.1475446      0.1168129
  -0.3780083     -1.1253406     -0.0592418

 0 0 0 0    .... footer bytes
 22   1 0 [ 11 ]  23   [ 10 ] 
 0      .....pad
7   [Number of bytequadgroups]
 0      .....pad
 28   1 0 [ 12 ] 
 3   [type identifier]   tell says: 7872 
 0      .....pad
246   [Number of vertices]
 127  255  127    0
 127  255  127    0
 127  255  127    0
 127  255  127    0
 127    0  127    0
 127    0  127    0
 127    0  127    0
 127    0  127    0
 127  127    0    0
   0  114  122    0
   6   89  113    0
   0  117  124    0
   0  127  127    0
   0  127  127    0
   0  127  127    0
   0  127  127    0
   0  127  127    0
   0  127  127    0
 127  127    0    0
 127  127    0    0
 254  114  122    0
 254  117  124    0
 255  127  127    0
 255  127  127    0
 255  127  127    0
 255  127  127    0
 255  127  127    0
   1  125  107    0
   1  130  108    0
 253  124  147    0
 253  128  145    0
 159  103    6    0
 166  112    7    0
 159  103    6    0
 159  103    6    0
 127  127    0    0
 127  127    0    0
 127  127  255    0
 127  127  255    0
 127  127  255    0
 127  127  255    0
   0  127  127    0
   0  127  127    0
   0  117  124    0
   0  114  122    0
   0  127  127    0
   0  127  127    0
   0  127  127    0
 127  127    0    0
 127  127    0    0
 127  127    0    0
 255  127  127    0
 255  127  127    0
 248   89  113    0
 255  127  127    0
 255  127  127    0
 255  127  127    0
 255  127  127    0
 131    0  125    0
 131    0  125    0
 131    0  125    0
 127    0  128    0
 127    0  128    0
 127    0  128    0
 127   58   20    0
 127   58   20    0
 127   58   20    0
 127   80  246    0
 127   80  246    0
 127   80  246    0
 127   62   17    0
 127   62   17    0
 127   62   17    0
 127   62   17    0
 166  112    7    0
 166  112    7    0
 127  224   44    0
 127  224   44    0
 127  224   44    0
 127  224   44    0
 127  234  197    0
 127  234  197    0
 127  234  197    0
 127  234  197    0
 127  185   13    0
 127  185   13    0
 127  185   13    0
 129  252  102    0
 129  252  102    0
 129  252  102    0
 127  185   13    0
 127  252  103    0
 127  252  103    0
 127  252  103    0
   1  125  107    0
   1  125  107    0
   1  130  108    0
   1  130  108    0
 253  128  145    0
 253  128  145    0
 253  124  147    0
 253  124  147    0
 127  252  104    0
 127  252  104    0
 127  252  104    0
 134  253  107    0
 134  253  107    0
 134  253  107    0
 127    0  137    0
 127    0  137    0
 127    0  137    0
 123    0  138    0
 123    0  138    0
 123    0  138    0
 146  242   76    0
 146  242   76    0
 146  242   76    0
 141  241   72    0
 141  241   72    0
 141  241   72    0
 252  125  150    0
 252  125  150    0
 252  125  150    0
 252  125  150    0
 252  125  150    0
 252  125  150    0
 111    8  171    0
 111    8  171    0
 111    8  171    0
 180   13  146    0
 180   13  146    0
 180   13  146    0
   1  129  105    0
   1  129  105    0
   1  129  105    0
   2  128  104    0
   2  128  104    0
   2  128  104    0
 127  255  127    0
 127  255  127    0
 127  255  127    0
 127  255  127    0
 127  127    0    0
 127  127    0    0
   1  127  143    0
 154  129  252    0
 141  127  254    0
 250  131   95    0
   2  127  154    0
   0  129  142    0
   0  132  138    0
   0  131  125    0
   1  126  111    0
 127    0  127    0
 254  117  132    0
 252  125  104    0
 254  124  113    0
 252  127  100    0
 148   65  236    0
  41   41  165    0
 252  127  100    0
   2  127  154    0
 157  127  251    0
 157  127  251    0
 157  127  251    0
 157  127  251    0
 127  126  254    0
 141  127  254    0
 127  127    0    0
 127  127    0    0
   2  122  154    0
   0  124  141    0
   1  127  111    0
   0  130  130    0
 127    0  127    0
 127    0  127    0
 127    0  127    0
 253  124  143    0
 253  118  140    0
 252  130  104    0
 252  132  100    0
 254  127  128    0
 126    0  121    0
 126    0  121    0
 126    0  121    0
 114    0  130    0
 114    0  130    0
 114    0  130    0
 114  127  254    0
 114  127  254    0
 114  127  254    0
 109  127  253    0
 109  127  253    0
 109  127  253    0
 135  129  254    0
 135  129  254    0
 135  129  254    0
 115  118  254    0
 115  118  254    0
 115  118  254    0
 148   65  236    0
 148   65  236    0
   7   94  153    0
   7   94  153    0
   7   94  153    0
 241   76  103    0
 241   76  103    0
 241   76  103    0
 126   63   17    0
 126   63   17    0
 126   63   17    0
  41   41  165    0
  41   41  165    0
 248  151   96    0
 248  151   96    0
 248  151   96    0
 156   55  228    0
 156   55  228    0
 156   55  228    0
 149   18   64    0
 149   18   64    0
 149   18   64    0
 125  127  254    0
 125  127  254    0
 125  127  254    0
 125  127  254    0
  30  127  210    0
  30  127  210    0
  30  127  210    0
  30  127  210    0
 249  127   91    0
 249  127   91    0
 249  127   91    0
 249  127   91    0
 130  215  219    0
 130  215  219    0
 130  215  219    0
 154  211  219    0
 154  211  219    0
 154  211  219    0
 126    0  112    0
 126    0  112    0
 126    0  112    0
 123    0  116    0
 123    0  116    0
 123    0  116    0

 0 0 0 0    .... footer bytes
 27   1 0 [ 13 ]  28   [ 12 ]    tell says: 8880 
 28   [ 14 ] 
 10   [type identifier]   tell says: 8890 
246   [Number of vertices]
 255  127  127    0
 255  127  127    0
 255  127  127    0
 255  127  127    0
 255  127  127    0
 255  127  127    0
 255  127  127    0
 255  127  127    0
   0  129  127    0
 122  127  254    0
 166    5  127    0
 124  127  254    0
 127  127  255    0
 127  127  255    0
 127  127  255    0
 127  127  255    0
 127  127  255    0
 127  127  255    0
   0  126  127    0
   0  131  127    0
 132  126  254    0
 130  127  254    0
 127  127  255    0
 127  127  255    0
 127  127  255    0
 127  127  255    0
 127  127  254    0
 129    0  127    0
 124    0  127    0
 124    0  127    0
 129    0  127    0
 127    2  152    0
 127    0  143    0
 127    2  152    0
 127    2  152    0
   0  127  127    0
   0  129  127    0
 255  127  127    0
 255  127  127    0
 255  127  127    0
 255  127  127    0
 127  127  255    0
 127  127  255    0
 137    0  126    0
 140    0  126    0
 127  127  255    0
 127  127  255    0
 127  127  255    0
   0  127  127    0
   0  126  127    0
   0  125  127    0
 127  126  254    0
 127  127  255    0
 141  127  254    0
 127  125  254    0
 127  127  254    0
 127  128  254    0
 127  127  255    0
   0  123  127    0
   0  123  127    0
   0  123  127    0
   0  127  127    0
   0  127  127    0
   0  127  127    0
 127   20  196    0
 127   20  196    0
 127   20  196    0
 127    8   80    0
 127    8   80    0
 127    8   80    0
 127   17  192    0
 127   17  192    0
 127   17  192    0
 127   17  192    0
 127    0  143    0
 127    0  143    0
   0  127  127    0
   0  127  127    0
   0  127  127    0
   0  127  127    0
   0  127  127    0
   0  127  127    0
   0  127  127    0
   0  127  127    0
 127   13   69    0
 127   13   69    0
 127   13   69    0
   0  129  127    0
   0  129  127    0
   0  129  127    0
 127   13   69    0
   0  127  127    0
   0  127  127    0
   0  127  127    0
 129    0  127    0
 129    0  127    0
 124    0  127    0
 124    0  127    0
 129    0  127    0
 129    0  127    0
 124    0  127    0
 124    0  127    0
   0  127  127    0
   0  127  127    0
   0  127  127    0
   0  135  127    0
   0  135  127    0
   0  135  127    0
   0  127  127    0
   0  127  127    0
   0  127  127    0
   0  131  127    0
   0  131  127    0
   0  131  127    0
   1  148  127    0
   1  148  127    0
   1  148  127    0
   1  143  127    0
   1  143  127    0
   1  143  127    0
 125    0  127    0
 125    0  127    0
 125    0  127    0
 125    0  127    0
 125    0  127    0
 125    0  127    0
   1  144  127    0
   1  144  127    0
   1  144  127    0
  11   73  127    0
  11   73  127    0
  11   73  127    0
 125    0  127    0
 125    0  127    0
 125    0  127    0
 126    0  127    0
 126    0  127    0
 126    0  127    0
 255  127  127    0
 255  127  127    0
 255  127  127    0
 255  127  127    0
 255  127  127    0
 255  127  127    0
 111  127    1    0
   2  127  154    0
   0  127  141    0
  95  127    3    0
 100  127    2    0
 112  128    0    0
 116  127    0    0
 129  126    0    0
 143  127    1    0
 252  127  101    0
 132  122    0    0
 104  111    3    0
 113  125    0    0
 100  127    2    0
 252  127  103    0
 143  164  248    0
 100  127    2    0
 100  127    2    0
 251  127   97    0
 251  127   97    0
 251  127   97    0
 251  127   97    0
   0  127  127    0
   0  127  141    0
 255  127  127    0
 255  127  127    0
 100  127    2    0
 113  127    0    0
 143  127    1    0
 124  127    0    0
 254  127  114    0
 255  127  127    0
 254  127  114    0
 143  127    1    0
 140  127    0    0
 104  127    2    0
 100  127    2    0
 128  127    0    0
 127  121  254    0
 127  121  254    0
 127  121  254    0
 127  130  254    0
 127  130  254    0
 127  130  254    0
   0  127  114    0
   0  127  114    0
   0  127  114    0
   1  127  109    0
   1  127  109    0
   1  127  109    0
   0  127  135    0
   0  127  135    0
   0  127  135    0
   0  127  115    0
   0  127  115    0
   0  127  115    0
 252  127  103    0
 252  127  103    0
 100  127    2    0
 100  127    2    0
 100  127    2    0
 101  127    2    0
 101  127    2    0
 101  127    2    0
 254  127  125    0
 254  127  125    0
 254  127  125    0
 143  164  248    0
 143  164  248    0
 149  168  246    0
 149  168  246    0
 149  168  246    0
   3  118  156    0
   3  118  156    0
   3  118  156    0
 252  139  150    0
 252  139  150    0
 252  139  150    0
   0  127  125    0
   0  127  125    0
   0  127  125    0
   0  127  125    0
  44  127   30    0
  44  127   30    0
  44  127   30    0
  44  127   30    0
  91  127    5    0
  91  127    5    0
  91  127    5    0
  91  127    5    0
 254  127  122    0
 254  127  122    0
 254  127  122    0
 249  127   91    0
 249  127   91    0
 249  127   91    0
 127  112  254    0
 127  112  254    0
 127  112  254    0
 127  116  254    0
 127  116  254    0
 127  116  254    0

 0 0 0 0    .... footer bytes
 27   [ 15 ]  28   [ 14 ]    tell says: 9894 
 28   [ 16 ] 
 8   [type identifier]   tell says: 9904 
246   [Number of vertices]
   0    0    0  255
   0    0    0  255
   0    0    0  255
   0    0    0  255
   0    0    0  255
   0    0    0  255
   0    0    0  255
   0    0    0  255
   0    0    0  255
   0    0    0  255
   0    0    0  255
   0    0    0  255
   0    0    0  255
   0    0    0  255
   0    0    0  255
   0    0    0  255
   0    0    0  255
   0    0    0  255
   0    0    0  255
   0    0    0  255
   0    0    0  255
   0    0    0  255
   0    0    0  255
   0    0    0  255
   0    0    0  255
   0    0    0  255
   0    0    0  255
   0    0    0  255
   0    0    0  255
   0    0    0  255
   0    0    0  255
   0    0    0  255
   0    0    0  255
   0    0    0  255
   0    0    0  255
   0    0    0  255
   0    0    0  255
   0    0    0  255
   0    0    0  255
   0    0    0  255
   0    0    0  255
   0    0    0  255
   0    0    0  255
   0    0    0  255
   0    0    0  255
   0    0    0  255
   0    0    0  255
   0    0    0  255
   0    0    0  255
   0    0    0  255
   0    0    0  255
   0    0    0  255
   0    0    0  255
   0    0    0  255
   0    0    0  255
   0    0    0  255
   0    0    0  255
   0    0    0  255
   0    0    0  255
   0    0    0  255
   0    0    0  255
   0    0    0  255
   0    0    0  255
   0    0    0  255
   0    0    0  255
   0    0    0  255
   0    0    0  255
   0    0    0  255
   0    0    0  255
   0    0    0  255
   0    0    0  255
   0    0    0  255
   0    0    0  255
   0    0    0  255
   0    0    0  255
   0    0    0  255
   0    0    0  255
   0    0    0  255
   0    0    0  255
   0    0    0  255
   0    0    0  255
   0    0    0  255
   0    0    0  255
   0    0    0  255
   0    0    0  255
   0    0    0  255
   0    0    0  255
   0    0    0  255
   0    0    0  255
   0    0    0  255
   0    0    0  255
   0    0    0  255
   0    0    0  255
   0    0    0  255
   0    0    0  255
   0    0    0  255
   0    0    0  255
   0    0    0  255
   0    0    0  255
   0    0    0  255
   0    0    0  255
   0    0    0  255
   0    0    0  255
   0    0    0  255
   0    0    0  255
   0    0    0  255
   0    0    0  255
   0    0    0  255
   0    0    0  255
   0    0    0  255
   0    0    0  255
   0    0    0  255
   0    0    0  255
   0    0    0  255
   0    0    0  255
   0    0    0  255
   0    0    0  255
   0    0    0  255
   0    0    0  255
   0    0    0  255
   0    0    0  255
   0    0    0  255
   0    0    0  255
   0    0    0  255
   0    0    0  255
   0    0    0  255
   0    0    0  255
   0    0    0  255
   0    0    0  255
   0    0    0  255
   0    0    0  255
   0    0    0  255
   0    0    0  255
   0    0    0  255
   0    0    0  255
   0    0    0  255
   0    0    0  255
   0    0    0  255
   0    0    0  255
   0    0    0  255
   0    0    0  255
   0    0    0  255
   0    0    0  255
   0    0    0  255
   0    0    0  255
   0    0    0  255
   0    0    0  255
   0    0    0  255
   0    0    0  255
   0    0    0  255
   0    0    0  255
   0    0    0  255
   0    0    0  255
   0    0    0  255
   0    0    0  255
   0    0    0  255
   0    0    0  255
   0    0    0  255
   0    0    0  255
   0    0    0  255
   0    0    0  255
   0    0    0  255
   0    0    0  255
   0    0    0  255
   0    0    0  255
   0    0    0  255
   0    0    0  255
   0    0    0  255
   0    0    0  255
   0    0    0  255
   0    0    0  255
   0    0    0  255
   0    0    0  255
   0    0    0  255
   0    0    0  255
   0    0    0  255
   0    0    0  255
   0    0    0  255
   0    0    0  255
   0    0    0  255
   0    0    0  255
   0    0    0  255
   0    0    0  255
   0    0    0  255
   0    0    0  255
   0    0    0  255
   0    0    0  255
   0    0    0  255
   0    0    0  255
   0    0    0  255
   0    0    0  255
   0    0    0  255
   0    0    0  255
   0    0    0  255
   0    0    0  255
   0    0    0  255
   0    0    0  255
   0    0    0  255
   0    0    0  255
   0    0    0  255
   0    0    0  255
   0    0    0  255
   0    0    0  255
   0    0    0  255
   0    0    0  255
   0    0    0  255
   0    0    0  255
   0    0    0  255
   0    0    0  255
   0    0    0  255
   0    0    0  255
   0    0    0  255
   0    0    0  255
   0    0    0  255
   0    0    0  255
   0    0    0  255
   0    0    0  255
   0    0    0  255
   0    0    0  255
   0    0    0  255
   0    0    0  255
   0    0    0  255
   0    0    0  255
   0    0    0  255
   0    0    0  255
   0    0    0  255
   0    0    0  255
   0    0    0  255
   0    0    0  255
   0    0    0  255
   0    0    0  255
   0    0    0  255
   0    0    0  255
   0    0    0  255
   0    0    0  255
   0    0    0  255
   0    0    0  255
   0    0    0  255
   0    0    0  255
   0    0    0  255
   0    0    0  255
   0    0    0  255
   0    0    0  255
   0    0    0  255
   0    0    0  255
   0    0    0  255

 0 0 0 0    .... footer bytes
 27   [ 17 ]  28   [ 16 ]    tell says: 10908 
 28   [ 18 ] 
 9   [type identifier]   tell says: 10918 
246   [Number of vertices]
   0    0    0    0
   0    0    0    0
   0    0    0    0
   0    0    0    0
   0    0    0    0
   0    0    0    0
   0    0    0    0
   0    0    0    0
   0    0    0    0
   0    0    0    0
   0    0    0    0
   0    0    0    0
   0    0    0    0
   0    0    0    0
   0    0    0    0
   0    0    0    0
   0    0    0    0
   0    0    0    0
   0    0    0    0
   0    0    0    0
   0    0    0    0
   0    0    0    0
   0    0    0    0
   0    0    0    0
   0    0    0    0
   0    0    0    0
   0    0    0    0
   0    0    0    0
   0    0    0    0
   0    0    0    0
   0    0    0    0
   0    0    0    0
   0    0    0    0
   0    0    0    0
   0    0    0    0
   0    0    0    0
   0    0    0    0
   0    0    0    0
   0    0    0    0
   0    0    0    0
   0    0    0    0
   0    0    0    0
   0    0    0    0
   0    0    0    0
   0    0    0    0
   0    0    0    0
   0    0    0    0
   0    0    0    0
   0    0    0    0
   0    0    0    0
   0    0    0    0
   0    0    0    0
   0    0    0    0
   0    0    0    0
   0    0    0    0
   0    0    0    0
   0    0    0    0
   0    0    0    0
   0    0    0    0
   0    0    0    0
   0    0    0    0
   0    0    0    0
   0    0    0    0
   0    0    0    0
   0    0    0    0
   0    0    0    0
   0    0    0    0
   0    0    0    0
   0    0    0    0
   0    0    0    0
   0    0    0    0
   0    0    0    0
   0    0    0    0
   0    0    0    0
   0    0    0    0
   0    0    0    0
   0    0    0    0
   0    0    0    0
   0    0    0    0
   0    0    0    0
   0    0    0    0
   0    0    0    0
   0    0    0    0
   0    0    0    0
   0    0    0    0
   0    0    0    0
   0    0    0    0
   0    0    0    0
   0    0    0    0
   0    0    0    0
   0    0    0    0
   0    0    0    0
   0    0    0    0
   0    0    0    0
   0    0    0    0
   0    0    0    0
   0    0    0    0
   0    0    0    0
   0    0    0    0
   0    0    0    0
   0    0    0    0
   0    0    0    0
   0    0    0    0
   0    0    0    0
   0    0    0    0
   0    0    0    0
   0    0    0    0
   0    0    0    0
   0    0    0    0
   0    0    0    0
   0    0    0    0
   0    0    0    0
   0    0    0    0
   0    0    0    0
   0    0    0    0
   0    0    0    0
   0    0    0    0
   0    0    0    0
   0    0    0    0
   0    0    0    0
   0    0    0    0
   0    0    0    0
   0    0    0    0
   0    0    0    0
   0    0    0    0
   0    0    0    0
   0    0    0    0
   0    0    0    0
   0    0    0    0
   0    0    0    0
   0    0    0    0
   0    0    0    0
   0    0    0    0
   0    0    0    0
   0    0    0    0
   0    0    0    0
   0    0    0    0
   0    0    0    0
   0    0    0    0
   0    0    0    0
   0    0    0    0
   0    0    0    0
   0    0    0    0
   0    0    0    0
   0    0    0    0
   0    0    0    0
   0    0    0    0
   0    0    0    0
   0    0    0    0
   0    0    0    0
   0    0    0    0
   0    0    0    0
   0    0    0    0
   0    0    0    0
   0    0    0    0
   0    0    0    0
   0    0    0    0
   0    0    0    0
   0    0    0    0
   0    0    0    0
   0    0    0    0
   0    0    0    0
   0    0    0    0
   0    0    0    0
   0    0    0    0
   0    0    0    0
   0    0    0    0
   0    0    0    0
   0    0    0    0
   0    0    0    0
   0    0    0    0
   0    0    0    0
   0    0    0    0
   0    0    0    0
   0    0    0    0
   0    0    0    0
   0    0    0    0
   0    0    0    0
   0    0    0    0
   0    0    0    0
   0    0    0    0
   0    0    0    0
   0    0    0    0
   0    0    0    0
   0    0    0    0
   0    0    0    0
   0    0    0    0
   0    0    0    0
   0    0    0    0
   0    0    0    0
   0    0    0    0
   0    0    0    0
   0    0    0    0
   0    0    0    0
   0    0    0    0
   0    0    0    0
   0    0    0    0
   0    0    0    0
   0    0    0    0
   0    0    0    0
   0    0    0    0
   0    0    0    0
   0    0    0    0
   0    0    0    0
   0    0    0    0
   0    0    0    0
   0    0    0    0
   0    0    0    0
   0    0    0    0
   0    0    0    0
   0    0    0    0
   0    0    0    0
   0    0    0    0
   0    0    0    0
   0    0    0    0
   0    0    0    0
   0    0    0    0
   0    0    0    0
   0    0    0    0
   0    0    0    0
   0    0    0    0
   0    0    0    0
   0    0    0    0
   0    0    0    0
   0    0    0    0
   0    0    0    0
   0    0    0    0
   0    0    0    0
   0    0    0    0
   0    0    0    0
   0    0    0    0
   0    0    0    0
   0    0    0    0
   0    0    0    0
   0    0    0    0
   0    0    0    0
   0    0    0    0
   0    0    0    0
   0    0    0    0
   0    0    0    0
   0    0    0    0
   0    0    0    0
   0    0    0    0
   0    0    0    0
   0    0    0    0
   0    0    0    0

 0 0 0 0    .... footer bytes
 27   [ 19 ]  28   [ 18 ]    tell says: 11922 
 28   [ 20 ] 
 13   [type identifier]   tell says: 11932 
246   [Number of vertices]
   2    0    0    0
   2    0    0    0
   2    0    0    0
   2    0    0    0
   2    0    0    0
   2    0    0    0
   2    0    0    0
   2    0    0    0
   2    0    0    0
   2    0    0    0
   2    0    0    0
   2    0    0    0
   2    0    0    0
   2    0    0    0
   2    0    0    0
   2    0    0    0
   2    0    0    0
   2    0    0    0
   2    0    0    0
   2    0    0    0
   2    0    0    0
   2    0    0    0
   2    0    0    0
   2    0    0    0
   2    0    0    0
   2    0    0    0
   2    0    0    0
   2    0    0    0
   2    0    0    0
   2    0    0    0
   2    0    0    0
   2    0    0    0
   2    0    0    0
   2    0    0    0
   2    0    0    0
   2    0    0    0
   2    0    0    0
   2    0    0    0
   2    0    0    0
   2    0    0    0
   2    0    0    0
   2    0    0    0
   2    0    0    0
   2    0    0    0
   2    0    0    0
   2    0    0    0
   2    0    0    0
   2    0    0    0
   2    0    0    0
   2    0    0    0
   2    0    0    0
   2    0    0    0
   2    0    0    0
   2    0    0    0
   2    0    0    0
   2    0    0    0
   2    0    0    0
   2    0    0    0
   2    0    0    0
   2    0    0    0
   2    0    0    0
   2    0    0    0
   2    0    0    0
   2    0    0    0
   2    0    0    0
   2    0    0    0
   2    0    0    0
   2    0    0    0
   2    0    0    0
   2    0    0    0
   2    0    0    0
   2    0    0    0
   2    0    0    0
   2    0    0    0
   2    0    0    0
   2    0    0    0
   2    0    0    0
   2    0    0    0
   2    0    0    0
   2    0    0    0
   2    0    0    0
   2    0    0    0
   2    0    0    0
   2    0    0    0
   2    0    0    0
   2    0    0    0
   2    0    0    0
   2    0    0    0
   2    0    0    0
   2    0    0    0
   2    0    0    0
   2    0    0    0
   2    0    0    0
   2    0    0    0
   2    0    0    0
   2    0    0    0
   2    0    0    0
   2    0    0    0
   2    0    0    0
   2    0    0    0
   2    0    0    0
   2    0    0    0
   2    0    0    0
   2    0    0    0
   2    0    0    0
   2    0    0    0
   2    0    0    0
   2    0    0    0
   2    0    0    0
   2    0    0    0
   2    0    0    0
   2    0    0    0
   2    0    0    0
   2    0    0    0
   2    0    0    0
   2    0    0    0
   2    0    0    0
   2    0    0    0
   2    0    0    0
   2    0    0    0
   2    0    0    0
   2    0    0    0
   2    0    0    0
   2    0    0    0
   2    0    0    0
   2    0    0    0
   2    0    0    0
   2    0    0    0
   2    0    0    0
   2    0    0    0
   2    0    0    0
   2    0    0    0
   2    0    0    0
   2    0    0    0
   2    0    0    0
   2    0    0    0
   2    0    0    0
   2    0    0    0
   2    0    0    0
   2    0    0    0
   2    0    0    0
   2    0    0    0
   2    0    0    0
   2    0    0    0
   2    0    0    0
   2    0    0    0
   2    0    0    0
   2    0    0    0
   2    0    0    0
   2    0    0    0
   2    0    0    0
   2    0    0    0
   2    0    0    0
   2    0    0    0
   2    0    0    0
   2    0    0    0
   2    0    0    0
   2    0    0    0
   2    0    0    0
   2    0    0    0
   2    0    0    0
   2    0    0    0
   2    0    0    0
   2    0    0    0
   2    0    0    0
   2    0    0    0
   2    0    0    0
   2    0    0    0
   2    0    0    0
   2    0    0    0
   2    0    0    0
   2    0    0    0
   2    0    0    0
   2    0    0    0
   2    0    0    0
   2    0    0    0
   2    0    0    0
   2    0    0    0
   2    0    0    0
   2    0    0    0
   2    0    0    0
   2    0    0    0
   2    0    0    0
   2    0    0    0
   2    0    0    0
   2    0    0    0
   2    0    0    0
   2    0    0    0
   2    0    0    0
   2    0    0    0
   2    0    0    0
   2    0    0    0
   2    0    0    0
   2    0    0    0
   2    0    0    0
   2    0    0    0
   2    0    0    0
   2    0    0    0
   2    0    0    0
   2    0    0    0
   2    0    0    0
   2    0    0    0
   2    0    0    0
   2    0    0    0
   2    0    0    0
   2    0    0    0
   2    0    0    0
   2    0    0    0
   2    0    0    0
   2    0    0    0
   2    0    0    0
   2    0    0    0
   2    0    0    0
   2    0    0    0
   2    0    0    0
   2    0    0    0
   2    0    0    0
   2    0    0    0
   2    0    0    0
   2    0    0    0
   2    0    0    0
   2    0    0    0
   2    0    0    0
   2    0    0    0
   2    0    0    0
   2    0    0    0
   2    0    0    0
   2    0    0    0
   2    0    0    0
   2    0    0    0
   2    0    0    0
   2    0    0    0
   2    0    0    0
   2    0    0    0
   2    0    0    0
   2    0    0    0
   2    0    0    0
   2    0    0    0
   2    0    0    0
   2    0    0    0
   2    0    0    0
   2    0    0    0
   2    0    0    0
   2    0    0    0
   2    0    0    0
   2    0    0    0

 0 0 0 0    .... footer bytes
 27   [ 21 ]  28   [ 20 ]    tell says: 12936 
 28   [ 22 ] 
 14   [type identifier]   tell says: 12946 
246   [Number of vertices]
   2    0    0    0
   2    0    0    0
   2    0    0    0
   2    0    0    0
   2    0    0    0
   2    0    0    0
   2    0    0    0
   2    0    0    0
   2    0    0    0
   2    0    0    0
   2    0    0    0
   2    0    0    0
   2    0    0    0
   2    0    0    0
   2    0    0    0
   2    0    0    0
   2    0    0    0
   2    0    0    0
   2    0    0    0
   2    0    0    0
   2    0    0    0
   2    0    0    0
   2    0    0    0
   2    0    0    0
   2    0    0    0
   2    0    0    0
   2    0    0    0
   2    0    0    0
   2    0    0    0
   2    0    0    0
   2    0    0    0
   2    0    0    0
   2    0    0    0
   2    0    0    0
   2    0    0    0
   2    0    0    0
   2    0    0    0
   2    0    0    0
   2    0    0    0
   2    0    0    0
   2    0    0    0
   2    0    0    0
   2    0    0    0
   2    0    0    0
   2    0    0    0
   2    0    0    0
   2    0    0    0
   2    0    0    0
   2    0    0    0
   2    0    0    0
   2    0    0    0
   2    0    0    0
   2    0    0    0
   2    0    0    0
   2    0    0    0
   2    0    0    0
   2    0    0    0
   2    0    0    0
   2    0    0    0
   2    0    0    0
   2    0    0    0
   2    0    0    0
   2    0    0    0
   2    0    0    0
   2    0    0    0
   2    0    0    0
   2    0    0    0
   2    0    0    0
   2    0    0    0
   2    0    0    0
   2    0    0    0
   2    0    0    0
   2    0    0    0
   2    0    0    0
   2    0    0    0
   2    0    0    0
   2    0    0    0
   2    0    0    0
   2    0    0    0
   2    0    0    0
   2    0    0    0
   2    0    0    0
   2    0    0    0
   2    0    0    0
   2    0    0    0
   2    0    0    0
   2    0    0    0
   2    0    0    0
   2    0    0    0
   2    0    0    0
   2    0    0    0
   2    0    0    0
   2    0    0    0
   2    0    0    0
   2    0    0    0
   2    0    0    0
   2    0    0    0
   2    0    0    0
   2    0    0    0
   2    0    0    0
   2    0    0    0
   2    0    0    0
   2    0    0    0
   2    0    0    0
   2    0    0    0
   2    0    0    0
   2    0    0    0
   2    0    0    0
   2    0    0    0
   2    0    0    0
   2    0    0    0
   2    0    0    0
   2    0    0    0
   2    0    0    0
   2    0    0    0
   2    0    0    0
   2    0    0    0
   2    0    0    0
   2    0    0    0
   2    0    0    0
   2    0    0    0
   2    0    0    0
   2    0    0    0
   2    0    0    0
   2    0    0    0
   2    0    0    0
   2    0    0    0
   2    0    0    0
   2    0    0    0
   2    0    0    0
   2    0    0    0
   2    0    0    0
   2    0    0    0
   2    0    0    0
   2    0    0    0
   2    0    0    0
   2    0    0    0
   2    0    0    0
   2    0    0    0
   2    0    0    0
   2    0    0    0
   2    0    0    0
   2    0    0    0
   2    0    0    0
   2    0    0    0
   2    0    0    0
   2    0    0    0
   2    0    0    0
   2    0    0    0
   2    0    0    0
   2    0    0    0
   2    0    0    0
   2    0    0    0
   2    0    0    0
   2    0    0    0
   2    0    0    0
   2    0    0    0
   2    0    0    0
   2    0    0    0
   2    0    0    0
   2    0    0    0
   2    0    0    0
   2    0    0    0
   2    0    0    0
   2    0    0    0
   2    0    0    0
   2    0    0    0
   2    0    0    0
   2    0    0    0
   2    0    0    0
   2    0    0    0
   2    0    0    0
   2    0    0    0
   2    0    0    0
   2    0    0    0
   2    0    0    0
   2    0    0    0
   2    0    0    0
   2    0    0    0
   2    0    0    0
   2    0    0    0
   2    0    0    0
   2    0    0    0
   2    0    0    0
   2    0    0    0
   2    0    0    0
   2    0    0    0
   2    0    0    0
   2    0    0    0
   2    0    0    0
   2    0    0    0
   2    0    0    0
   2    0    0    0
   2    0    0    0
   2    0    0    0
   2    0    0    0
   2    0    0    0
   2    0    0    0
   2    0    0    0
   2    0    0    0
   2    0    0    0
   2    0    0    0
   2    0    0    0
   2    0    0    0
   2    0    0    0
   2    0    0    0
   2    0    0    0
   2    0    0    0
   2    0    0    0
   2    0    0    0
   2    0    0    0
   2    0    0    0
   2    0    0    0
   2    0    0    0
   2    0    0    0
   2    0    0    0
   2    0    0    0
   2    0    0    0
   2    0    0    0
   2    0    0    0
   2    0    0    0
   2    0    0    0
   2    0    0    0
   2    0    0    0
   2    0    0    0
   2    0    0    0
   2    0    0    0
   2    0    0    0
   2    0    0    0
   2    0    0    0
   2    0    0    0
   2    0    0    0
   2    0    0    0
   2    0    0    0
   2    0    0    0
   2    0    0    0
   2    0    0    0
   2    0    0    0
   2    0    0    0
   2    0    0    0
   2    0    0    0
   2    0    0    0
   2    0    0    0
   2    0    0    0
   2    0    0    0
   2    0    0    0

 0 0 0 0    .... footer bytes
 27   [ 23 ]  28   [ 22 ]    tell says: 13950 
 28   [ 24 ] 
 2   [type identifier]   tell says: 13960 
246   [Number of vertices]
   0    0    0    0
   0    0    0    0
   0    0    0    0
   0    0    0    0
   0    0    0    0
   0    0    0    0
   0    0    0    0
   0    0    0    0
   0    0    0    0
   0    0    0    0
   0    0    0    0
   0    0    0    0
   0    0    0    0
   0    0    0    0
   0    0    0    0
   0    0    0    0
   0    0    0    0
   0    0    0    0
   0    0    0    0
   0    0    0    0
   0    0    0    0
   0    0    0    0
   0    0    0    0
   0    0    0    0
   0    0    0    0
   0    0    0    0
   0    0    0    0
   0    0    0    0
   0    0    0    0
   0    0    0    0
   0    0    0    0
   0    0    0    0
   0    0    0    0
   0    0    0    0
   0    0    0    0
   0    0    0    0
   0    0    0    0
   0    0    0    0
   0    0    0    0
   0    0    0    0
   0    0    0    0
   0    0    0    0
   0    0    0    0
   0    0    0    0
   0    0    0    0
   0    0    0    0
   0    0    0    0
   0    0    0    0
   0    0    0    0
   0    0    0    0
   0    0    0    0
   0    0    0    0
   0    0    0    0
   0    0    0    0
   0    0    0    0
   0    0    0    0
   0    0    0    0
   0    0    0    0
   0    0    0    0
   0    0    0    0
   0    0    0    0
   0    0    0    0
   0    0    0    0
   0    0    0    0
   0    0    0    0
   0    0    0    0
   0    0    0    0
   0    0    0    0
   0    0    0    0
   0    0    0    0
   0    0    0    0
   0    0    0    0
   0    0    0    0
   0    0    0    0
   0    0    0    0
   0    0    0    0
   0    0    0    0
   0    0    0    0
   0    0    0    0
   0    0    0    0
   0    0    0    0
   0    0    0    0
   0    0    0    0
   0    0    0    0
   0    0    0    0
   0    0    0    0
   0    0    0    0
   0    0    0    0
   0    0    0    0
   0    0    0    0
   0    0    0    0
   0    0    0    0
   0    0    0    0
   0    0    0    0
   0    0    0    0
   0    0    0    0
   0    0    0    0
   0    0    0    0
   0    0    0    0
   0    0    0    0
   0    0    0    0
   0    0    0    0
   0    0    0    0
   0    0    0    0
   0    0    0    0
   0    0    0    0
   0    0    0    0
   0    0    0    0
   0    0    0    0
   0    0    0    0
   0    0    0    0
   0    0    0    0
   0    0    0    0
   0    0    0    0
   0    0    0    0
   0    0    0    0
   0    0    0    0
   0    0    0    0
   0    0    0    0
   0    0    0    0
   0    0    0    0
   0    0    0    0
   0    0    0    0
   0    0    0    0
   0    0    0    0
   0    0    0    0
   0    0    0    0
   0    0    0    0
   0    0    0    0
   0    0    0    0
   0    0    0    0
   0    0    0    0
   0    0    0    0
   0    0    0    0
   0    0    0    0
   0    0    0    0
   0    0    0    0
   0    0    0    0
   0    0    1    0
   0    0    1    0
   0    0    1    0
   0    0    1    0
   0    0    1    0
   0    0    1    0
   0    0    1    0
   0    0    1    0
   0    0    1    0
   0    0    1    0
   0    0    1    0
   0    0    1    0
   0    0    1    0
   0    0    1    0
   0    0    1    0
   0    0    1    0
   0    0    1    0
   0    0    1    0
   0    0    1    0
   0    0    1    0
   0    0    1    0
   0    0    1    0
   0    0    1    0
   0    0    1    0
   0    0    1    0
   0    0    1    0
   0    0    1    0
   0    0    1    0
   0    0    1    0
   0    0    1    0
   0    0    1    0
   0    0    1    0
   0    0    1    0
   0    0    1    0
   0    0    1    0
   0    0    1    0
   0    0    1    0
   0    0    1    0
   0    0    1    0
   0    0    1    0
   0    0    1    0
   0    0    1    0
   0    0    1    0
   0    0    1    0
   0    0    1    0
   0    0    1    0
   0    0    1    0
   0    0    1    0
   0    0    1    0
   0    0    1    0
   0    0    1    0
   0    0    1    0
   0    0    1    0
   0    0    1    0
   0    0    1    0
   0    0    1    0
   0    0    1    0
   0    0    1    0
   0    0    1    0
   0    0    1    0
   0    0    1    0
   0    0    1    0
   0    0    1    0
   0    0    1    0
   0    0    1    0
   0    0    1    0
   0    0    1    0
   0    0    1    0
   0    0    1    0
   0    0    1    0
   0    0    1    0
   0    0    1    0
   0    0    1    0
   0    0    1    0
   0    0    1    0
   0    0    1    0
   0    0    1    0
   0    0    1    0
   0    0    1    0
   0    0    1    0
   0    0    1    0
   0    0    1    0
   0    0    1    0
   0    0    1    0
   0    0    1    0
   0    0    1    0
   0    0    1    0
   0    0    1    0
   0    0    1    0
   0    0    1    0
   0    0    1    0
   0    0    1    0
   0    0    1    0
   0    0    1    0
   0    0    1    0
   0    0    1    0
   0    0    1    0
   0    0    1    0
   0    0    1    0
   0    0    1    0
   0    0    1    0
   0    0    1    0
   0    0    1    0
   0    0    1    0
   0    0    1    0
   0    0    1    0
   0    0    1    0
   0    0    1    0

 0 0 0 0    .... footer bytes
 27   [ 25 ]  28   [ 24 ]    tell says: 14964 
 0 0 0 ....zeroes
 1.13160706  0.42449394  -0.10430260  5.32757568    tell says: 14990 
 0 ....zeroes   tell says: 14994 
0   [Number of bonestrings]
 3   1 0 [ 26 ]  4   [ 1 ] 
 0      .....pad
1   [number of textures]
 0      .....pad
 38   1 4 [ 27 ] 
19 buildingskinnedlod0
17
37 BlockSet/Textures/azanulimbar.texture
44 BlockSet/Textures/azanulimbar_normal.texture
Expected 15 integer zeroes
 0  0  0  0  0  0  0  0  0  0  0  0  0  0  0 
constant three integers 4, 1 and 3
 4  1  3
variable 4 bytes
18 192 63  0 

 4
255 255 255 255 
255 255 255 255 
255 255 255 255 
255 255 255 255 

 9
 0  0  0  0 
 0  0  0  0 
 0  0  0  0 
 0  0  0  0 
 0  0  0  0 
 0  0  0  0 
 0  0  0  0 
 0  0  0  0 
 0  0  0  0 

 8
  2
   0    short pad .....
   0  0 128 63  0  0  0  0  0  0  0  0  0  0  0  0  0  0  0  0  0  0 128 63  0  0  0  0  0  0  0  0
  2
   0  0 128 63  0  0  0  0  0  0  0  0  0  0  0  0  0  0  0  0  0  0 128 63  0  0  0  0  0  0  0  0
  2
   0  0 128 63  0  0  0  0  0  0  0  0  0  0  0  0  0  0  0  0  0  0 128 63  0  0  0  0  0  0  0  0
  2
   0  0 128 63  0  0  0  0  0  0  0  0  0  0  0  0  0  0  0  0  0  0 128 63  0  0  0  0  0  0  0  0
  2
   0  0 128 63  0  0  0  0  0  0  0  0  0  0  0  0  0  0  0  0  0  0 128 63  0  0  0  0  0  0  0  0
  2
   0  0 128 63  0  0  0  0  0  0  0  0  0  0  0  0  0  0  0  0  0  0 128 63  0  0  0  0  0  0  0  0
  2
   0  0 128 63  0  0  0  0  0  0  0  0  0  0  0  0  0  0  0  0  0  0 128 63  0  0  0  0  0  0  0  0
  2
   0  0 128 63  0  0  0  0  0  0  0  0  0  0  0  0  0  0  0  0  0  0 128 63  0  0  0  0  0  0  0  0
 37   1 0 [ 28 ]  38   [ 27 ]    tell says: 15588 
complex binding sphere    tell says: 15588
+1.13161 +0.42449 -0.10430 +5.32758    tell says: 15604 

