 4   1 3 [ 1 ] 
 0      .....pad
 7   1 0 [ 2 ] 
 0      .....pad
1   [Number of trianglegroups]
 0      .....pad
 11   1 3 [ 3 ] 
 0
 0
 0      .....pad
 24 ...number of triangles    tell says: 97 
   23     20     21
   22     21     20
   19     16     17
   18     17     16
   15     12     13
   14     13     12
   11      8      9
   10      9      8
    6      7      4
    5      4      7
    1      3      0
    2      0      3
   45     46     47
   46     45     44
   41     42     43
   42     41     40
   37     38     39
   38     37     36
   33     34     35
   34     33     32
   28     31     30
   31     28     29
   24     27     25
   27     24     26
 0 ...groupflag    tell says: 245 
 0 0 0 0 0    .... first time bytes
 10   1 0 [ 4 ]  11   [ 3 ] 
 6   1 0 [ 5 ]  7   [ 2 ] 
48   [Number of vertices]
 0      .....pad
2   [Number of floatpairgroups]
 0      .....pad
 18   1 0 [ 6 ] 
 4   [type identifier]   tell says: 302 
 0      .....pad
48   [Number of vertices]
   0.5405885      0.1829410
   0.5405885      0.0912033
   0.5340439      0.1829410
   0.5340439      0.0912033
   0.5405885      0.0912033
   0.5405885      0.1829410
   0.5340439      0.0912033
   0.5340439      0.1829410
   0.6250000      0.2500000
   0.5332624      0.0642998
   0.6250000      0.0642998
   0.5332624      0.2500000
   0.5397747      0.2500000
   0.5332301      0.0642998
   0.5397747      0.0642998
   0.5332301      0.2500000
   0.5332624      0.2500000
   0.6250000      0.0642998
   0.5332624      0.0642998
   0.6250000      0.2500000
   0.5397747      0.2500000
   0.5332301      0.0642998
   0.5397747      0.0642998
   0.5332301      0.2500000
   0.5405885      0.1829410
   0.5405885      0.0912033
   0.5340439      0.1829410
   0.5340439      0.0912033
   0.5405885      0.0912033
   0.5405885      0.1829410
   0.5340439      0.0912033
   0.5340439      0.1829410
   0.6250000      0.0642998
   0.5332624      0.0642998
   0.6250000      0.2500000
   0.5332624      0.2500000
   0.5397747      0.0642998
   0.5332301      0.0642998
   0.5397747      0.2500000
   0.5332301      0.2500000
   0.5332624      0.0642998
   0.6250000      0.0642998
   0.5332624      0.2500000
   0.6250000      0.2500000
   0.5397747      0.0642998
   0.5332301      0.0642998
   0.5397747      0.2500000
   0.5332301      0.2500000

 0 0 0 0    .... footer bytes
 17   1 0 [ 7 ]  18   [ 6 ] 
 18   [ 8 ] 
 1   [type identifier]   tell says: 720 
48   [Number of vertices]
   0.0000000      0.0000000
   0.0000000      0.0000000
   0.0000000      0.0000000
   0.0000000      0.0000000
   0.0000000      0.0000000
   0.0000000      0.0000000
   0.0000000      0.0000000
   0.0000000      0.0000000
   0.0000000      0.0000000
   0.0000000      0.0000000
   0.0000000      0.0000000
   0.0000000      0.0000000
   0.0000000      0.0000000
   0.0000000      0.0000000
   0.0000000      0.0000000
   0.0000000      0.0000000
   0.0000000      0.0000000
   0.0000000      0.0000000
   0.0000000      0.0000000
   0.0000000      0.0000000
   0.0000000      0.0000000
   0.0000000      0.0000000
   0.0000000      0.0000000
   0.0000000      0.0000000
   0.0000000      0.0000000
   0.0000000      0.0000000
   0.0000000      0.0000000
   0.0000000      0.0000000
   0.0000000      0.0000000
   0.0000000      0.0000000
   0.0000000      0.0000000
   0.0000000      0.0000000
   0.0000000      0.0000000
   0.0000000      0.0000000
   0.0000000      0.0000000
   0.0000000      0.0000000
   0.0000000      0.0000000
   0.0000000      0.0000000
   0.0000000      0.0000000
   0.0000000      0.0000000
   0.0000000      0.0000000
   0.0000000      0.0000000
   0.0000000      0.0000000
   0.0000000      0.0000000
   0.0000000      0.0000000
   0.0000000      0.0000000
   0.0000000      0.0000000
   0.0000000      0.0000000

 0 0 0 0    .... footer bytes
 17   [ 9 ]  18   [ 8 ] 
 0      .....pad
1   [Number of floattriplesgroups]
 0      .....pad
 23   1 0 [ 10 ] 
 0   [type identifier]   tell says: 1144 
 0      .....pad
48   [Number of vertices]
   2.7586222      2.9712026      0.1020101
   2.7628489      2.9712026      3.0376108
   2.9680483      2.9712026      0.1017086
   2.9722748      2.9712026      3.0373092
   2.7586203     -2.9712012      0.1020101
   2.7628469     -2.9712012      3.0376108
   2.9680464     -2.9712012      0.1017086
   2.9722729     -2.9712012      3.0373092
   2.7628469     -2.9712012      3.0376108
   2.7586222      2.9712026      0.1020101
   2.7628489      2.9712026      3.0376108
   2.7586203     -2.9712012      0.1020101
   2.9722729     -2.9712012      3.0373092
   2.7628489      2.9712026      3.0376108
   2.9722748      2.9712026      3.0373092
   2.7628469     -2.9712012      3.0376108
   2.9680464     -2.9712012      0.1017086
   2.9722748      2.9712026      3.0373092
   2.9680483      2.9712026      0.1017086
   2.9722729     -2.9712012      3.0373092
   2.7586203     -2.9712012      0.1020101
   2.9680483      2.9712026      0.1017086
   2.7586222      2.9712026      0.1020101
   2.9680464     -2.9712012      0.1017086
  -2.7586467      2.9712026      0.1068166
  -2.8306985      2.9712026      3.0415356
  -2.9680099      2.9712026      0.1016764
  -3.0400617      2.9712026      3.0363955
  -2.7586467     -2.9712012      0.1068166
  -2.8306985     -2.9712012      3.0415356
  -2.9680099     -2.9712012      0.1016764
  -3.0400617     -2.9712012      3.0363955
  -2.8306985      2.9712026      3.0415356
  -2.7586467      2.9712026      0.1068166
  -2.8306985     -2.9712012      3.0415356
  -2.7586467     -2.9712012      0.1068166
  -3.0400617      2.9712026      3.0363955
  -2.8306985      2.9712026      3.0415356
  -3.0400617     -2.9712012      3.0363955
  -2.8306985     -2.9712012      3.0415356
  -2.9680099      2.9712026      0.1016764
  -3.0400617      2.9712026      3.0363955
  -2.9680099     -2.9712012      0.1016764
  -3.0400617     -2.9712012      3.0363955
  -2.7586467      2.9712026      0.1068166
  -2.9680099      2.9712026      0.1016764
  -2.7586467     -2.9712012      0.1068166
  -2.9680099     -2.9712012      0.1016764

 0 0 0 0    .... footer bytes
 22   1 0 [ 11 ]  23   [ 10 ] 
 0      .....pad
7   [Number of bytequadgroups]
 0      .....pad
 28   1 0 [ 12 ] 
 3   [type identifier]   tell says: 1764 
 0      .....pad
48   [Number of vertices]
 127  255  127    0
 127  255  127    0
 127  255  127    0
 127  255  127    0
 127    0  127    0
 127    0  127    0
 127    0  127    0
 127    0  127    0
 127  127    0    0
 127  127    0    0
 127  127    0    0
 127  127    0    0
 254  127  127    0
 254  127  127    0
 254  127  127    0
 254  127  127    0
 127  127  254    0
 127  127  254    0
 127  127  254    0
 127  127  254    0
   0  127  127    0
   0  127  127    0
   0  127  127    0
   0  127  127    0
 127  255  127    0
 127  255  127    0
 127  255  127    0
 127  255  127    0
 127    0  127    0
 127    0  127    0
 127    0  127    0
 127    0  127    0
 130  127  254    0
 130  127  254    0
 130  127  254    0
 130  127  254    0
 254  127  124    0
 254  127  124    0
 254  127  124    0
 254  127  124    0
 124  127    0    0
 124  127    0    0
 124  127    0    0
 124  127    0    0
   0  127  130    0
   0  127  130    0
   0  127  130    0
   0  127  130    0

 0 0 0 0    .... footer bytes
 27   1 0 [ 13 ]  28   [ 12 ]    tell says: 1980 
 28   [ 14 ] 
 10   [type identifier]   tell says: 1990 
48   [Number of vertices]
 127  127  254    0
 127  127  254    0
 127  127  254    0
 127  127  254    0
 127  127  254    0
 127  127  254    0
 127  127  254    0
 127  127  254    0
   0  127  127    0
   0  127  127    0
   0  127  127    0
   0  127  127    0
 127  127    0    0
 127  127    0    0
 127  127    0    0
 127  127    0    0
   0  127  127    0
   0  127  127    0
   0  127  127    0
   0  127  127    0
 127  127  254    0
 127  127  254    0
 127  127  254    0
 127  127  254    0
 124  127    0    0
 124  127    0    0
 124  127    0    0
 124  127    0    0
 124  127    0    0
 124  127    0    0
 124  127    0    0
 124  127    0    0
   0  127  130    0
   0  127  130    0
   0  127  130    0
   0  127  130    0
 130  127  254    0
 130  127  254    0
 130  127  254    0
 130  127  254    0
   0  127  130    0
   0  127  130    0
   0  127  130    0
   0  127  130    0
 124  127    0    0
 124  127    0    0
 124  127    0    0
 124  127    0    0

 0 0 0 0    .... footer bytes
 27   [ 15 ]  28   [ 14 ]    tell says: 2202 
 28   [ 16 ] 
 8   [type identifier]   tell says: 2212 
48   [Number of vertices]
   0    0    0  255
   0    0    0  255
   0    0    0  255
   0    0    0  255
   0    0    0  255
   0    0    0  255
   0    0    0  255
   0    0    0  255
   0    0    0  255
   0    0    0  255
   0    0    0  255
   0    0    0  255
   0    0    0  255
   0    0    0  255
   0    0    0  255
   0    0    0  255
   0    0    0  255
   0    0    0  255
   0    0    0  255
   0    0    0  255
   0    0    0  255
   0    0    0  255
   0    0    0  255
   0    0    0  255
   0    0    0  255
   0    0    0  255
   0    0    0  255
   0    0    0  255
   0    0    0  255
   0    0    0  255
   0    0    0  255
   0    0    0  255
   0    0    0  255
   0    0    0  255
   0    0    0  255
   0    0    0  255
   0    0    0  255
   0    0    0  255
   0    0    0  255
   0    0    0  255
   0    0    0  255
   0    0    0  255
   0    0    0  255
   0    0    0  255
   0    0    0  255
   0    0    0  255
   0    0    0  255
   0    0    0  255

 0 0 0 0    .... footer bytes
 27   [ 17 ]  28   [ 16 ]    tell says: 2424 
 28   [ 18 ] 
 9   [type identifier]   tell says: 2434 
48   [Number of vertices]
   0    0    0    0
   0    0    0    0
   0    0    0    0
   0    0    0    0
   0    0    0    0
   0    0    0    0
   0    0    0    0
   0    0    0    0
   0    0    0    0
   0    0    0    0
   0    0    0    0
   0    0    0    0
   0    0    0    0
   0    0    0    0
   0    0    0    0
   0    0    0    0
   0    0    0    0
   0    0    0    0
   0    0    0    0
   0    0    0    0
   0    0    0    0
   0    0    0    0
   0    0    0    0
   0    0    0    0
   0    0    0    0
   0    0    0    0
   0    0    0    0
   0    0    0    0
   0    0    0    0
   0    0    0    0
   0    0    0    0
   0    0    0    0
   0    0    0    0
   0    0    0    0
   0    0    0    0
   0    0    0    0
   0    0    0    0
   0    0    0    0
   0    0    0    0
   0    0    0    0
   0    0    0    0
   0    0    0    0
   0    0    0    0
   0    0    0    0
   0    0    0    0
   0    0    0    0
   0    0    0    0
   0    0    0    0

 0 0 0 0    .... footer bytes
 27   [ 19 ]  28   [ 18 ]    tell says: 2646 
 28   [ 20 ] 
 13   [type identifier]   tell says: 2656 
48   [Number of vertices]
   2    0    0    0
   2    0    0    0
   2    0    0    0
   2    0    0    0
   2    0    0    0
   2    0    0    0
   2    0    0    0
   2    0    0    0
   2    0    0    0
   2    0    0    0
   2    0    0    0
   2    0    0    0
   2    0    0    0
   2    0    0    0
   2    0    0    0
   2    0    0    0
   2    0    0    0
   2    0    0    0
   2    0    0    0
   2    0    0    0
   2    0    0    0
   2    0    0    0
   2    0    0    0
   2    0    0    0
   2    0    0    0
   2    0    0    0
   2    0    0    0
   2    0    0    0
   2    0    0    0
   2    0    0    0
   2    0    0    0
   2    0    0    0
   2    0    0    0
   2    0    0    0
   2    0    0    0
   2    0    0    0
   2    0    0    0
   2    0    0    0
   2    0    0    0
   2    0    0    0
   2    0    0    0
   2    0    0    0
   2    0    0    0
   2    0    0    0
   2    0    0    0
   2    0    0    0
   2    0    0    0
   2    0    0    0

 0 0 0 0    .... footer bytes
 27   [ 21 ]  28   [ 20 ]    tell says: 2868 
 28   [ 22 ] 
 14   [type identifier]   tell says: 2878 
48   [Number of vertices]
   2    0    0    0
   2    0    0    0
   2    0    0    0
   2    0    0    0
   2    0    0    0
   2    0    0    0
   2    0    0    0
   2    0    0    0
   2    0    0    0
   2    0    0    0
   2    0    0    0
   2    0    0    0
   2    0    0    0
   2    0    0    0
   2    0    0    0
   2    0    0    0
   2    0    0    0
   2    0    0    0
   2    0    0    0
   2    0    0    0
   2    0    0    0
   2    0    0    0
   2    0    0    0
   2    0    0    0
   2    0    0    0
   2    0    0    0
   2    0    0    0
   2    0    0    0
   2    0    0    0
   2    0    0    0
   2    0    0    0
   2    0    0    0
   2    0    0    0
   2    0    0    0
   2    0    0    0
   2    0    0    0
   2    0    0    0
   2    0    0    0
   2    0    0    0
   2    0    0    0
   2    0    0    0
   2    0    0    0
   2    0    0    0
   2    0    0    0
   2    0    0    0
   2    0    0    0
   2    0    0    0
   2    0    0    0

 0 0 0 0    .... footer bytes
 27   [ 23 ]  28   [ 22 ]    tell says: 3090 
 28   [ 24 ] 
 2   [type identifier]   tell says: 3100 
48   [Number of vertices]
   0    0    0    0
   0    0    0    0
   0    0    0    0
   0    0    0    0
   0    0    0    0
   0    0    0    0
   0    0    0    0
   0    0    0    0
   0    0    0    0
   0    0    0    0
   0    0    0    0
   0    0    0    0
   0    0    0    0
   0    0    0    0
   0    0    0    0
   0    0    0    0
   0    0    0    0
   0    0    0    0
   0    0    0    0
   0    0    0    0
   0    0    0    0
   0    0    0    0
   0    0    0    0
   0    0    0    0
   0    0    1    0
   0    0    1    0
   0    0    1    0
   0    0    1    0
   0    0    1    0
   0    0    1    0
   0    0    1    0
   0    0    1    0
   0    0    1    0
   0    0    1    0
   0    0    1    0
   0    0    1    0
   0    0    1    0
   0    0    1    0
   0    0    1    0
   0    0    1    0
   0    0    1    0
   0    0    1    0
   0    0    1    0
   0    0    1    0
   0    0    1    0
   0    0    1    0
   0    0    1    0
   0    0    1    0

 0 0 0 0    .... footer bytes
 27   [ 25 ]  28   [ 24 ]    tell says: 3312 
 0 0 0 ....zeroes
 0.65908140  1.16374683  1.84539473  5.77010727    tell says: 3338 
 0 ....zeroes   tell says: 3342 
0   [Number of bonestrings]
 3   1 0 [ 26 ]  4   [ 1 ] 
 0      .....pad
1   [number of textures]
 0      .....pad
 38   1 4 [ 27 ] 
19 buildingskinnedlod0
17
37 BlockSet/Textures/azanulimbar.texture
44 BlockSet/Textures/azanulimbar_normal.texture
Expected 15 integer zeroes
 0  0  0  0  0  0  0  0  0  0  0  0  0  0  0 
constant three integers 4, 1 and 3
 4  1  3
variable 4 bytes
18 192 63  0 

 4
255 255 255 255 
255 255 255 255 
255 255 255 255 
255 255 255 255 

 9
 0  0  0  0 
 0  0  0  0 
 0  0  0  0 
 0  0  0  0 
 0  0  0  0 
 0  0  0  0 
 0  0  0  0 
 0  0  0  0 
 0  0  0  0 

 8
  2
   0    short pad .....
   0  0 128 63  0  0  0  0  0  0  0  0  0  0  0  0  0  0  0  0  0  0 128 63  0  0  0  0  0  0  0  0
  2
   0  0 128 63  0  0  0  0  0  0  0  0  0  0  0  0  0  0  0  0  0  0 128 63  0  0  0  0  0  0  0  0
  2
   0  0 128 63  0  0  0  0  0  0  0  0  0  0  0  0  0  0  0  0  0  0 128 63  0  0  0  0  0  0  0  0
  2
   0  0 128 63  0  0  0  0  0  0  0  0  0  0  0  0  0  0  0  0  0  0 128 63  0  0  0  0  0  0  0  0
  2
   0  0 128 63  0  0  0  0  0  0  0  0  0  0  0  0  0  0  0  0  0  0 128 63  0  0  0  0  0  0  0  0
  2
   0  0 128 63  0  0  0  0  0  0  0  0  0  0  0  0  0  0  0  0  0  0 128 63  0  0  0  0  0  0  0  0
  2
   0  0 128 63  0  0  0  0  0  0  0  0  0  0  0  0  0  0  0  0  0  0 128 63  0  0  0  0  0  0  0  0
  2
   0  0 128 63  0  0  0  0  0  0  0  0  0  0  0  0  0  0  0  0  0  0 128 63  0  0  0  0  0  0  0  0
 37   1 0 [ 28 ]  38   [ 27 ]    tell says: 3936 
complex binding sphere    tell says: 3936
+0.65908 +1.16375 +1.84539 +5.77011    tell says: 3952 

