 4   1 3 [ 1 ] 
 0      .....pad
 7   1 0 [ 2 ] 
 0      .....pad
1   [Number of trianglegroups]
 0      .....pad
 11   1 3 [ 3 ] 
 0
 0
 0      .....pad
 64 ...number of triangles    tell says: 97 
   52     53     45
   51     52     45
   50     51     45
   49     50     45
   48     49     45
   46     48     45
   47     46     45
   44     43     36
   43     42     36
   42     41     36
   41     40     36
   40     39     36
   39     38     36
   38     37     36
   33     35     32
   34     33     32
   17     31     30
    8     17     30
   16     29     28
    7     16     28
   15     27     26
    6     15     26
   14     25     24
    5     14     24
   13     23     22
    4     13     22
   12     21     20
    3     12     20
   11     19     18
    2     11     18
   10      9      0
    1     10      0
  107    106     99
  106    105     99
  105    104     99
  104    103     99
  103    102     99
  102    101     99
  101    100     99
   97     98     90
   96     97     90
   95     96     90
   94     95     90
   93     94     90
   91     93     90
   92     91     90
   89     88     86
   88     87     86
   85     71     84
   71     62     84
   83     70     82
   70     61     82
   81     69     80
   69     60     80
   79     68     78
   68     59     78
   77     67     76
   67     58     76
   75     66     74
   66     57     74
   73     65     72
   65     56     72
   63     64     54
   64     55     54
 0 ...groupflag    tell says: 485 
 0 0 0 0 0    .... first time bytes
 10   1 0 [ 4 ]  11   [ 3 ] 
 6   1 0 [ 5 ]  7   [ 2 ] 
108   [Number of vertices]
 0      .....pad
2   [Number of floatpairgroups]
 0      .....pad
 18   1 0 [ 6 ] 
 4   [type identifier]   tell says: 542 
 0      .....pad
108   [Number of vertices]
   0.3750001      0.6894314
   0.3750001      0.6708953
   0.3750001      0.6416552
   0.3750001      0.6202474
   0.3750001      0.7050956
   0.3750001      0.6907368
   0.3750001      0.6601914
   0.3750001      0.5369655
   0.3750001      0.5980563
   0.3593750      0.6894314
   0.3593750      0.6708953
   0.3593750      0.6416552
   0.3593750      0.6202474
   0.3593750      0.7050956
   0.3593750      0.6907368
   0.3593750      0.6601914
   0.3593751      0.5369655
   0.3593750      0.5980563
   0.3750001      0.6708953
   0.3593750      0.6708953
   0.3750001      0.6416552
   0.3593750      0.6416552
   0.3750001      0.7223264
   0.3593750      0.7223264
   0.3750001      0.7050956
   0.3593750      0.7050956
   0.3750001      0.6907368
   0.3593750      0.6907368
   0.3750001      0.6601914
   0.3593750      0.6601914
   0.3750001      0.6883872
   0.3593750      0.6883872
   0.3750000      0.7500000
   0.3593751      0.5367044
   0.3750001      0.5367044
   0.3593750      0.7500000
   0.3750000      0.7500000
   0.3757833      0.5367044
   0.3572472      0.5372266
   0.3280072      0.5476694
   0.3065993      0.5643780
   0.2940678      0.5816087
   0.2880632      0.5959677
   0.2836249      0.6265131
   0.2846692      0.7497389
   0.3750000      0.7500000
   0.3572472      0.5372266
   0.3757833      0.5367044
   0.3280072      0.5476694
   0.3065993      0.5643780
   0.2940678      0.5816087
   0.2880632      0.5959677
   0.2836249      0.6265131
   0.2846692      0.7497389
   0.3750001      0.6894314
   0.3750001      0.6708953
   0.3750001      0.6416552
   0.3750001      0.6202474
   0.3750001      0.7050956
   0.3750001      0.6907368
   0.3750001      0.6601914
   0.3750001      0.5369655
   0.3750001      0.5980563
   0.3593750      0.6894314
   0.3593750      0.6708953
   0.3593750      0.6416552
   0.3593750      0.6202474
   0.3593750      0.7050956
   0.3593750      0.6907368
   0.3593750      0.6601914
   0.3593751      0.5369655
   0.3593750      0.5980563
   0.3750001      0.6708953
   0.3593750      0.6708953
   0.3750001      0.6416552
   0.3593750      0.6416552
   0.3750001      0.7223264
   0.3593750      0.7223264
   0.3750001      0.7050956
   0.3593750      0.7050956
   0.3750001      0.6907368
   0.3593750      0.6907368
   0.3750001      0.6601914
   0.3593750      0.6601914
   0.3750001      0.6883872
   0.3593750      0.6883872
   0.3750000      0.7500000
   0.3750001      0.5367044
   0.3593751      0.5367044
   0.3593750      0.7500000
   0.3750000      0.7500000
   0.3572472      0.5372266
   0.3757833      0.5367044
   0.3280072      0.5476694
   0.3065993      0.5643780
   0.2940678      0.5816087
   0.2880632      0.5959677
   0.2836249      0.6265131
   0.2846692      0.7497389
   0.3750000      0.7500000
   0.3757833      0.5367044
   0.3572472      0.5372266
   0.3280072      0.5476694
   0.3065993      0.5643780
   0.2940678      0.5816087
   0.2880632      0.5959677
   0.2836249      0.6265131
   0.2846692      0.7497389

 0 0 0 0    .... footer bytes
 17   1 0 [ 7 ]  18   [ 6 ] 
 18   [ 8 ] 
 1   [type identifier]   tell says: 1440 
108   [Number of vertices]
   0.0000000      0.0000000
   0.0000000      0.0000000
   0.0000000      0.0000000
   0.0000000      0.0000000
   0.0000000      0.0000000
   0.0000000      0.0000000
   0.0000000      0.0000000
   0.0000000      0.0000000
   0.0000000      0.0000000
   0.0000000      0.0000000
   0.0000000      0.0000000
   0.0000000      0.0000000
   0.0000000      0.0000000
   0.0000000      0.0000000
   0.0000000      0.0000000
   0.0000000      0.0000000
   0.0000000      0.0000000
   0.0000000      0.0000000
   0.0000000      0.0000000
   0.0000000      0.0000000
   0.0000000      0.0000000
   0.0000000      0.0000000
   0.0000000      0.0000000
   0.0000000      0.0000000
   0.0000000      0.0000000
   0.0000000      0.0000000
   0.0000000      0.0000000
   0.0000000      0.0000000
   0.0000000      0.0000000
   0.0000000      0.0000000
   0.0000000      0.0000000
   0.0000000      0.0000000
   0.0000000      0.0000000
   0.0000000      0.0000000
   0.0000000      0.0000000
   0.0000000      0.0000000
   0.0000000      0.0000000
   0.0000000      0.0000000
   0.0000000      0.0000000
   0.0000000      0.0000000
   0.0000000      0.0000000
   0.0000000      0.0000000
   0.0000000      0.0000000
   0.0000000      0.0000000
   0.0000000      0.0000000
   0.0000000      0.0000000
   0.0000000      0.0000000
   0.0000000      0.0000000
   0.0000000      0.0000000
   0.0000000      0.0000000
   0.0000000      0.0000000
   0.0000000      0.0000000
   0.0000000      0.0000000
   0.0000000      0.0000000
   0.0000000      0.0000000
   0.0000000      0.0000000
   0.0000000      0.0000000
   0.0000000      0.0000000
   0.0000000      0.0000000
   0.0000000      0.0000000
   0.0000000      0.0000000
   0.0000000      0.0000000
   0.0000000      0.0000000
   0.0000000      0.0000000
   0.0000000      0.0000000
   0.0000000      0.0000000
   0.0000000      0.0000000
   0.0000000      0.0000000
   0.0000000      0.0000000
   0.0000000      0.0000000
   0.0000000      0.0000000
   0.0000000      0.0000000
   0.0000000      0.0000000
   0.0000000      0.0000000
   0.0000000      0.0000000
   0.0000000      0.0000000
   0.0000000      0.0000000
   0.0000000      0.0000000
   0.0000000      0.0000000
   0.0000000      0.0000000
   0.0000000      0.0000000
   0.0000000      0.0000000
   0.0000000      0.0000000
   0.0000000      0.0000000
   0.0000000      0.0000000
   0.0000000      0.0000000
   0.0000000      0.0000000
   0.0000000      0.0000000
   0.0000000      0.0000000
   0.0000000      0.0000000
   0.0000000      0.0000000
   0.0000000      0.0000000
   0.0000000      0.0000000
   0.0000000      0.0000000
   0.0000000      0.0000000
   0.0000000      0.0000000
   0.0000000      0.0000000
   0.0000000      0.0000000
   0.0000000      0.0000000
   0.0000000      0.0000000
   0.0000000      0.0000000
   0.0000000      0.0000000
   0.0000000      0.0000000
   0.0000000      0.0000000
   0.0000000      0.0000000
   0.0000000      0.0000000
   0.0000000      0.0000000
   0.0000000      0.0000000

 0 0 0 0    .... footer bytes
 17   [ 9 ]  18   [ 8 ] 
 0      .....pad
1   [Number of floattriplesgroups]
 0      .....pad
 23   1 0 [ 10 ] 
 0   [type identifier]   tell says: 2344 
 0      .....pad
108   [Number of vertices]
   5.6104898      3.4127293      1.3536958
   5.0729094      3.3960207      1.1030177
   4.2248945      3.0618486      0.7075816
   3.6040266      2.5271740      0.4180661
   3.2405915      1.9757906      0.2485935
   3.0664456      1.5163044      0.1673879
   2.9377289      0.5388516      0.1073664
   2.9680152     -3.4043746      0.1214890
   5.5877757     -3.4127293      1.3431035
   5.4911952      3.4127293      1.6095245
   4.9536142      3.3960207      1.3588464
   4.1055999      3.0618486      0.9634106
   3.4847314      2.5271740      0.6738949
   3.1212964      1.9757906      0.5044224
   2.9471507      1.5163044      0.4232168
   2.8184340      0.5388516      0.3631952
   2.8487203     -3.4043746      0.3773178
   5.4684811     -3.4127293      1.5989323
   5.0729094      3.3960207      1.1030177
   4.9536142      3.3960207      1.3588464
   4.2248945      3.0618486      0.7075816
   4.1055999      3.0618486      0.9634106
   3.6040266      2.5271740      0.4180661
   3.4847314      2.5271740      0.6738949
   3.2405915      1.9757906      0.2485935
   3.1212964      1.9757906      0.5044224
   3.0664456      1.5163044      0.1673879
   2.9471507      1.5163044      0.4232168
   2.9377289      0.5388516      0.1073664
   2.8184340      0.5388516      0.3631952
   2.9680152     -3.4043746      0.1214890
   2.8487203     -3.4043746      0.3773178
   5.5877757     -3.4127293      1.3431035
   5.4911952      3.4127293      1.6095245
   5.6104898      3.4127293      1.3536958
   5.4684811     -3.4127293      1.5989323
   5.5877757     -3.4127293      1.3431035
   5.6104898      3.4127293      1.3536958
   5.0729094      3.3960207      1.1030177
   4.2248945      3.0618486      0.7075816
   3.6040266      2.5271740      0.4180661
   3.2405915      1.9757906      0.2485935
   3.0664456      1.5163044      0.1673879
   2.9377289      0.5388516      0.1073664
   2.9680152     -3.4043746      0.1214890
   5.4684811     -3.4127293      1.5989323
   4.9536142      3.3960207      1.3588464
   5.4911952      3.4127293      1.6095245
   4.1055999      3.0618486      0.9634106
   3.4847314      2.5271740      0.6738949
   3.1212964      1.9757906      0.5044224
   2.9471507      1.5163044      0.4232168
   2.8184340      0.5388516      0.3631952
   2.8487203     -3.4043746      0.3773178
  -5.6214671      3.4127293      1.3876746
  -5.0838861      3.3960207      1.1369964
  -4.2358713      3.0618486      0.7415605
  -3.6150033      2.5271742      0.4520450
  -3.2515678      1.9757909      0.2825723
  -3.0774219      1.5163045      0.2013667
  -2.9487054      0.5388516      0.1413452
  -2.9789917     -3.4043746      0.1554679
  -5.5987525     -3.4127293      1.3770823
  -5.5021720      3.4127293      1.6435033
  -4.9645910      3.3960207      1.3928254
  -4.1165762      3.0618486      0.9973894
  -3.4957082      2.5271740      0.7078739
  -3.1322730      1.9757906      0.5384011
  -2.9581273      1.5163044      0.4571955
  -2.8294103      0.5388516      0.3971739
  -2.8596969     -3.4043746      0.4112966
  -5.4794574     -3.4127293      1.6329112
  -5.0838861      3.3960207      1.1369964
  -4.9645910      3.3960207      1.3928254
  -4.2358713      3.0618486      0.7415605
  -4.1165762      3.0618486      0.9973894
  -3.6150033      2.5271742      0.4520450
  -3.4957082      2.5271740      0.7078739
  -3.2515678      1.9757909      0.2825723
  -3.1322730      1.9757906      0.5384011
  -3.0774219      1.5163045      0.2013667
  -2.9581273      1.5163044      0.4571955
  -2.9487054      0.5388516      0.1413452
  -2.8294103      0.5388516      0.3971739
  -2.9789917     -3.4043746      0.1554679
  -2.8596969     -3.4043746      0.4112966
  -5.5987525     -3.4127293      1.3770823
  -5.6214671      3.4127293      1.3876746
  -5.5021720      3.4127293      1.6435033
  -5.4794574     -3.4127293      1.6329112
  -5.5987525     -3.4127293      1.3770823
  -5.0838861      3.3960207      1.1369964
  -5.6214671      3.4127293      1.3876746
  -4.2358713      3.0618486      0.7415605
  -3.6150033      2.5271742      0.4520450
  -3.2515678      1.9757909      0.2825723
  -3.0774219      1.5163045      0.2013667
  -2.9487054      0.5388516      0.1413452
  -2.9789917     -3.4043746      0.1554679
  -5.4794574     -3.4127293      1.6329112
  -5.5021720      3.4127293      1.6435033
  -4.9645910      3.3960207      1.3928254
  -4.1165762      3.0618486      0.9973894
  -3.4957082      2.5271740      0.7078739
  -3.1322730      1.9757906      0.5384011
  -2.9581273      1.5163044      0.4571955
  -2.8294103      0.5388516      0.3971739
  -2.8596969     -3.4043746      0.4112966

 0 0 0 0    .... footer bytes
 22   1 0 [ 11 ]  23   [ 10 ] 
 0      .....pad
7   [Number of bytequadgroups]
 0      .....pad
 28   1 0 [ 12 ] 
 3   [type identifier]   tell says: 3684 
 0      .....pad
108   [Number of vertices]
 125  254  124    0
 125  254  124    0
 109  247   88    0
  94  228   56    0
  83  202   34    0
  77  176   20    0
  74  145   13    0
  73  126   11    0
 127    0  127    0
 125  254  124    0
 125  254  124    0
 109  247   88    0
  94  228   56    0
  83  202   34    0
  77  176   20    0
  74  145   13    0
  73  126   11    0
 127    0  127    0
 109  247   88    0
 109  247   88    0
  94  228   56    0
  94  228   56    0
  83  202   34    0
  83  202   34    0
  77  176   20    0
  77  176   20    0
  74  145   13    0
  74  145   13    0
  73  126   11    0
  73  126   11    0
 127    0  127    0
 127    0  127    0
 181  127  243    0
 181  127  243    0
 181  127  243    0
 181  127  243    0
  11  127  181    0
  11  127  181    0
  11  127  181    0
  11  127  181    0
  11  127  181    0
  11  127  181    0
  11  127  181    0
  11  127  181    0
  11  127  181    0
 243  127   73    0
 243  127   73    0
 243  127   73    0
 243  127   73    0
 243  127   73    0
 243  127   73    0
 243  127   73    0
 243  127   73    0
 243  127   73    0
 125  254  130    0
 125  254  130    0
 109  247  166    0
  94  228  198    0
  83  202  220    0
  77  176  234    0
  74  145  241    0
  73  126  243    0
 127    0  127    0
 125  254  130    0
 125  254  130    0
 109  247  166    0
  94  228  198    0
  83  202  220    0
  77  176  234    0
  74  145  241    0
  73  126  243    0
 127    0  127    0
 109  247  166    0
 109  247  166    0
  94  228  198    0
  94  228  198    0
  83  202  220    0
  83  202  220    0
  77  176  234    0
  77  176  234    0
  74  145  241    0
  74  145  241    0
  73  126  243    0
  73  126  243    0
 127    0  127    0
 127    0  127    0
 181  127   11    0
 181  127   11    0
 181  127   11    0
 181  127   11    0
  11  127   73    0
  11  127   73    0
  11  127   73    0
  11  127   73    0
  11  127   73    0
  11  127   73    0
  11  127   73    0
  11  127   73    0
  11  127   73    0
 243  127  181    0
 243  127  181    0
 243  127  181    0
 243  127  181    0
 243  127  181    0
 243  127  181    0
 243  127  181    0
 243  127  181    0
 243  127  181    0

 0 0 0 0    .... footer bytes
 27   1 0 [ 13 ]  28   [ 12 ]    tell says: 4140 
 28   [ 14 ] 
 10   [type identifier]   tell says: 4150 
108   [Number of vertices]
 243  127   73    0
 243  127   73    0
 243  127   73    0
 243  127   73    0
 243  127   73    0
 243  127   73    0
 243  127   73    0
 243  127   73    0
 243  127   73    0
 243  127   73    0
 243  127   73    0
 243  127   73    0
 243  127   73    0
 243  127   73    0
 243  127   73    0
 243  127   73    0
 243  127   73    0
 243  127   73    0
 243  127   73    0
 243  127   73    0
 243  127   73    0
 243  127   73    0
 243  127   73    0
 243  127   73    0
 243  127   73    0
 243  127   73    0
 243  127   73    0
 243  127   73    0
 243  127   73    0
 243  127   73    0
 243  127   73    0
 243  127   73    0
 243  127   73    0
 243  127   73    0
 243  127   73    0
 243  127   73    0
  73  127   11    0
  73  127   11    0
  73  127   11    0
  73  127   11    0
  73  127   11    0
  73  127   11    0
  73  127   11    0
  73  127   11    0
  73  127   11    0
  73  127   11    0
  73  127   11    0
  73  127   11    0
  73  127   11    0
  73  127   11    0
  73  127   11    0
  73  127   11    0
  73  127   11    0
  73  127   11    0
 243  127  181    0
 243  127  181    0
 243  127  181    0
 243  127  181    0
 243  127  181    0
 243  127  181    0
 243  127  181    0
 243  127  181    0
 243  127  181    0
 243  127  181    0
 243  127  181    0
 243  127  181    0
 243  127  181    0
 243  127  181    0
 243  127  181    0
 243  127  181    0
 243  127  181    0
 243  127  181    0
 243  127  181    0
 243  127  181    0
 243  127  181    0
 243  127  181    0
 243  127  181    0
 243  127  181    0
 243  127  181    0
 243  127  181    0
 243  127  181    0
 243  127  181    0
 243  127  181    0
 243  127  181    0
 243  127  181    0
 243  127  181    0
 243  127  181    0
 243  127  181    0
 243  127  181    0
 243  127  181    0
  73  127  243    0
  73  127  243    0
  73  127  243    0
  73  127  243    0
  73  127  243    0
  73  127  243    0
  73  127  243    0
  73  127  243    0
  73  127  243    0
  73  127  243    0
  73  127  243    0
  73  127  243    0
  73  127  243    0
  73  127  243    0
  73  127  243    0
  73  127  243    0
  73  127  243    0
  73  127  243    0

 0 0 0 0    .... footer bytes
 27   [ 15 ]  28   [ 14 ]    tell says: 4602 
 28   [ 16 ] 
 8   [type identifier]   tell says: 4612 
108   [Number of vertices]
   0    0    0  255
   0    0    0  255
   0    0    0  255
   0    0    0  255
   0    0    0  255
   0    0    0  255
   0    0    0  255
   0    0    0  255
   0    0    0  255
   0    0    0  255
   0    0    0  255
   0    0    0  255
   0    0    0  255
   0    0    0  255
   0    0    0  255
   0    0    0  255
   0    0    0  255
   0    0    0  255
   0    0    0  255
   0    0    0  255
   0    0    0  255
   0    0    0  255
   0    0    0  255
   0    0    0  255
   0    0    0  255
   0    0    0  255
   0    0    0  255
   0    0    0  255
   0    0    0  255
   0    0    0  255
   0    0    0  255
   0    0    0  255
   0    0    0  255
   0    0    0  255
   0    0    0  255
   0    0    0  255
   0    0    0  255
   0    0    0  255
   0    0    0  255
   0    0    0  255
   0    0    0  255
   0    0    0  255
   0    0    0  255
   0    0    0  255
   0    0    0  255
   0    0    0  255
   0    0    0  255
   0    0    0  255
   0    0    0  255
   0    0    0  255
   0    0    0  255
   0    0    0  255
   0    0    0  255
   0    0    0  255
   0    0    0  255
   0    0    0  255
   0    0    0  255
   0    0    0  255
   0    0    0  255
   0    0    0  255
   0    0    0  255
   0    0    0  255
   0    0    0  255
   0    0    0  255
   0    0    0  255
   0    0    0  255
   0    0    0  255
   0    0    0  255
   0    0    0  255
   0    0    0  255
   0    0    0  255
   0    0    0  255
   0    0    0  255
   0    0    0  255
   0    0    0  255
   0    0    0  255
   0    0    0  255
   0    0    0  255
   0    0    0  255
   0    0    0  255
   0    0    0  255
   0    0    0  255
   0    0    0  255
   0    0    0  255
   0    0    0  255
   0    0    0  255
   0    0    0  255
   0    0    0  255
   0    0    0  255
   0    0    0  255
   0    0    0  255
   0    0    0  255
   0    0    0  255
   0    0    0  255
   0    0    0  255
   0    0    0  255
   0    0    0  255
   0    0    0  255
   0    0    0  255
   0    0    0  255
   0    0    0  255
   0    0    0  255
   0    0    0  255
   0    0    0  255
   0    0    0  255
   0    0    0  255
   0    0    0  255
   0    0    0  255

 0 0 0 0    .... footer bytes
 27   [ 17 ]  28   [ 16 ]    tell says: 5064 
 28   [ 18 ] 
 9   [type identifier]   tell says: 5074 
108   [Number of vertices]
   0    0    0    0
   0    0    0    0
   0    0    0    0
   0    0    0    0
   0    0    0    0
   0    0    0    0
   0    0    0    0
   0    0    0    0
   0    0    0    0
   0    0    0    0
   0    0    0    0
   0    0    0    0
   0    0    0    0
   0    0    0    0
   0    0    0    0
   0    0    0    0
   0    0    0    0
   0    0    0    0
   0    0    0    0
   0    0    0    0
   0    0    0    0
   0    0    0    0
   0    0    0    0
   0    0    0    0
   0    0    0    0
   0    0    0    0
   0    0    0    0
   0    0    0    0
   0    0    0    0
   0    0    0    0
   0    0    0    0
   0    0    0    0
   0    0    0    0
   0    0    0    0
   0    0    0    0
   0    0    0    0
   0    0    0    0
   0    0    0    0
   0    0    0    0
   0    0    0    0
   0    0    0    0
   0    0    0    0
   0    0    0    0
   0    0    0    0
   0    0    0    0
   0    0    0    0
   0    0    0    0
   0    0    0    0
   0    0    0    0
   0    0    0    0
   0    0    0    0
   0    0    0    0
   0    0    0    0
   0    0    0    0
   0    0    0    0
   0    0    0    0
   0    0    0    0
   0    0    0    0
   0    0    0    0
   0    0    0    0
   0    0    0    0
   0    0    0    0
   0    0    0    0
   0    0    0    0
   0    0    0    0
   0    0    0    0
   0    0    0    0
   0    0    0    0
   0    0    0    0
   0    0    0    0
   0    0    0    0
   0    0    0    0
   0    0    0    0
   0    0    0    0
   0    0    0    0
   0    0    0    0
   0    0    0    0
   0    0    0    0
   0    0    0    0
   0    0    0    0
   0    0    0    0
   0    0    0    0
   0    0    0    0
   0    0    0    0
   0    0    0    0
   0    0    0    0
   0    0    0    0
   0    0    0    0
   0    0    0    0
   0    0    0    0
   0    0    0    0
   0    0    0    0
   0    0    0    0
   0    0    0    0
   0    0    0    0
   0    0    0    0
   0    0    0    0
   0    0    0    0
   0    0    0    0
   0    0    0    0
   0    0    0    0
   0    0    0    0
   0    0    0    0
   0    0    0    0
   0    0    0    0
   0    0    0    0
   0    0    0    0
   0    0    0    0

 0 0 0 0    .... footer bytes
 27   [ 19 ]  28   [ 18 ]    tell says: 5526 
 28   [ 20 ] 
 13   [type identifier]   tell says: 5536 
108   [Number of vertices]
   2    0    0    0
   2    0    0    0
   2    0    0    0
   2    0    0    0
   2    0    0    0
   2    0    0    0
   2    0    0    0
   2    0    0    0
   2    0    0    0
   2    0    0    0
   2    0    0    0
   2    0    0    0
   2    0    0    0
   2    0    0    0
   2    0    0    0
   2    0    0    0
   2    0    0    0
   2    0    0    0
   2    0    0    0
   2    0    0    0
   2    0    0    0
   2    0    0    0
   2    0    0    0
   2    0    0    0
   2    0    0    0
   2    0    0    0
   2    0    0    0
   2    0    0    0
   2    0    0    0
   2    0    0    0
   2    0    0    0
   2    0    0    0
   2    0    0    0
   2    0    0    0
   2    0    0    0
   2    0    0    0
   2    0    0    0
   2    0    0    0
   2    0    0    0
   2    0    0    0
   2    0    0    0
   2    0    0    0
   2    0    0    0
   2    0    0    0
   2    0    0    0
   2    0    0    0
   2    0    0    0
   2    0    0    0
   2    0    0    0
   2    0    0    0
   2    0    0    0
   2    0    0    0
   2    0    0    0
   2    0    0    0
   2    0    0    0
   2    0    0    0
   2    0    0    0
   2    0    0    0
   2    0    0    0
   2    0    0    0
   2    0    0    0
   2    0    0    0
   2    0    0    0
   2    0    0    0
   2    0    0    0
   2    0    0    0
   2    0    0    0
   2    0    0    0
   2    0    0    0
   2    0    0    0
   2    0    0    0
   2    0    0    0
   2    0    0    0
   2    0    0    0
   2    0    0    0
   2    0    0    0
   2    0    0    0
   2    0    0    0
   2    0    0    0
   2    0    0    0
   2    0    0    0
   2    0    0    0
   2    0    0    0
   2    0    0    0
   2    0    0    0
   2    0    0    0
   2    0    0    0
   2    0    0    0
   2    0    0    0
   2    0    0    0
   2    0    0    0
   2    0    0    0
   2    0    0    0
   2    0    0    0
   2    0    0    0
   2    0    0    0
   2    0    0    0
   2    0    0    0
   2    0    0    0
   2    0    0    0
   2    0    0    0
   2    0    0    0
   2    0    0    0
   2    0    0    0
   2    0    0    0
   2    0    0    0
   2    0    0    0
   2    0    0    0

 0 0 0 0    .... footer bytes
 27   [ 21 ]  28   [ 20 ]    tell says: 5988 
 28   [ 22 ] 
 14   [type identifier]   tell says: 5998 
108   [Number of vertices]
   2    0    0    0
   2    0    0    0
   2    0    0    0
   2    0    0    0
   2    0    0    0
   2    0    0    0
   2    0    0    0
   2    0    0    0
   2    0    0    0
   2    0    0    0
   2    0    0    0
   2    0    0    0
   2    0    0    0
   2    0    0    0
   2    0    0    0
   2    0    0    0
   2    0    0    0
   2    0    0    0
   2    0    0    0
   2    0    0    0
   2    0    0    0
   2    0    0    0
   2    0    0    0
   2    0    0    0
   2    0    0    0
   2    0    0    0
   2    0    0    0
   2    0    0    0
   2    0    0    0
   2    0    0    0
   2    0    0    0
   2    0    0    0
   2    0    0    0
   2    0    0    0
   2    0    0    0
   2    0    0    0
   2    0    0    0
   2    0    0    0
   2    0    0    0
   2    0    0    0
   2    0    0    0
   2    0    0    0
   2    0    0    0
   2    0    0    0
   2    0    0    0
   2    0    0    0
   2    0    0    0
   2    0    0    0
   2    0    0    0
   2    0    0    0
   2    0    0    0
   2    0    0    0
   2    0    0    0
   2    0    0    0
   2    0    0    0
   2    0    0    0
   2    0    0    0
   2    0    0    0
   2    0    0    0
   2    0    0    0
   2    0    0    0
   2    0    0    0
   2    0    0    0
   2    0    0    0
   2    0    0    0
   2    0    0    0
   2    0    0    0
   2    0    0    0
   2    0    0    0
   2    0    0    0
   2    0    0    0
   2    0    0    0
   2    0    0    0
   2    0    0    0
   2    0    0    0
   2    0    0    0
   2    0    0    0
   2    0    0    0
   2    0    0    0
   2    0    0    0
   2    0    0    0
   2    0    0    0
   2    0    0    0
   2    0    0    0
   2    0    0    0
   2    0    0    0
   2    0    0    0
   2    0    0    0
   2    0    0    0
   2    0    0    0
   2    0    0    0
   2    0    0    0
   2    0    0    0
   2    0    0    0
   2    0    0    0
   2    0    0    0
   2    0    0    0
   2    0    0    0
   2    0    0    0
   2    0    0    0
   2    0    0    0
   2    0    0    0
   2    0    0    0
   2    0    0    0
   2    0    0    0
   2    0    0    0
   2    0    0    0
   2    0    0    0

 0 0 0 0    .... footer bytes
 27   [ 23 ]  28   [ 22 ]    tell says: 6450 
 28   [ 24 ] 
 2   [type identifier]   tell says: 6460 
108   [Number of vertices]
   0    0    0    0
   0    0    0    0
   0    0    0    0
   0    0    0    0
   0    0    0    0
   0    0    0    0
   0    0    0    0
   0    0    0    0
   0    0    0    0
   0    0    0    0
   0    0    0    0
   0    0    0    0
   0    0    0    0
   0    0    0    0
   0    0    0    0
   0    0    0    0
   0    0    0    0
   0    0    0    0
   0    0    0    0
   0    0    0    0
   0    0    0    0
   0    0    0    0
   0    0    0    0
   0    0    0    0
   0    0    0    0
   0    0    0    0
   0    0    0    0
   0    0    0    0
   0    0    0    0
   0    0    0    0
   0    0    0    0
   0    0    0    0
   0    0    0    0
   0    0    0    0
   0    0    0    0
   0    0    0    0
   0    0    0    0
   0    0    0    0
   0    0    0    0
   0    0    0    0
   0    0    0    0
   0    0    0    0
   0    0    0    0
   0    0    0    0
   0    0    0    0
   0    0    0    0
   0    0    0    0
   0    0    0    0
   0    0    0    0
   0    0    0    0
   0    0    0    0
   0    0    0    0
   0    0    0    0
   0    0    0    0
   0    0    1    0
   0    0    1    0
   0    0    1    0
   0    0    1    0
   0    0    1    0
   0    0    1    0
   0    0    1    0
   0    0    1    0
   0    0    1    0
   0    0    1    0
   0    0    1    0
   0    0    1    0
   0    0    1    0
   0    0    1    0
   0    0    1    0
   0    0    1    0
   0    0    1    0
   0    0    1    0
   0    0    1    0
   0    0    1    0
   0    0    1    0
   0    0    1    0
   0    0    1    0
   0    0    1    0
   0    0    1    0
   0    0    1    0
   0    0    1    0
   0    0    1    0
   0    0    1    0
   0    0    1    0
   0    0    1    0
   0    0    1    0
   0    0    1    0
   0    0    1    0
   0    0    1    0
   0    0    1    0
   0    0    1    0
   0    0    1    0
   0    0    1    0
   0    0    1    0
   0    0    1    0
   0    0    1    0
   0    0    1    0
   0    0    1    0
   0    0    1    0
   0    0    1    0
   0    0    1    0
   0    0    1    0
   0    0    1    0
   0    0    1    0
   0    0    1    0
   0    0    1    0
   0    0    1    0
   0    0    1    0

 0 0 0 0    .... footer bytes
 27   [ 25 ]  28   [ 24 ]    tell says: 6912 
 0 0 0 ....zeroes
 0.36825252  1.66007006  1.23311603  7.83320904    tell says: 6938 
 0 ....zeroes   tell says: 6942 
0   [Number of bonestrings]
 3   1 0 [ 26 ]  4   [ 1 ] 
 0      .....pad
1   [number of textures]
 0      .....pad
 38   1 4 [ 27 ] 
19 buildingskinnedlod0
17
41 BlockSet/Textures/osgiliath_walls.texture
48 BlockSet/Textures/osgiliath_walls_normal.texture
Expected 15 integer zeroes
 0  0  0  0  0  0  0  0  0  0  0  0  0  0  0 
constant three integers 4, 1 and 3
 4  1  3
variable 4 bytes
18 192 63  0 

 4
255 255 255 255 
255 255 255 255 
255 255 255 255 
255 255 255 255 

 9
 0  0  0  0 
 0  0  0  0 
 0  0  0  0 
 0  0  0  0 
 0  0  0  0 
 0  0  0  0 
 0  0  0  0 
 0  0  0  0 
 0  0  0  0 

 8
  2
   0    short pad .....
   0  0 128 63  0  0  0  0  0  0  0  0  0  0  0  0  0  0  0  0  0  0 128 63  0  0  0  0  0  0  0  0
  2
   0  0 128 63  0  0  0  0  0  0  0  0  0  0  0  0  0  0  0  0  0  0 128 63  0  0  0  0  0  0  0  0
  2
   0  0 128 63  0  0  0  0  0  0  0  0  0  0  0  0  0  0  0  0  0  0 128 63  0  0  0  0  0  0  0  0
  2
   0  0 128 63  0  0  0  0  0  0  0  0  0  0  0  0  0  0  0  0  0  0 128 63  0  0  0  0  0  0  0  0
  2
   0  0 128 63  0  0  0  0  0  0  0  0  0  0  0  0  0  0  0  0  0  0 128 63  0  0  0  0  0  0  0  0
  2
   0  0 128 63  0  0  0  0  0  0  0  0  0  0  0  0  0  0  0  0  0  0 128 63  0  0  0  0  0  0  0  0
  2
   0  0 128 63  0  0  0  0  0  0  0  0  0  0  0  0  0  0  0  0  0  0 128 63  0  0  0  0  0  0  0  0
  2
   0  0 128 63  0  0  0  0  0  0  0  0  0  0  0  0  0  0  0  0  0  0 128 63  0  0  0  0  0  0  0  0
 37   1 0 [ 28 ]  38   [ 27 ]    tell says: 7544 
complex binding sphere    tell says: 7544
+0.36825 +1.66007 +1.23312 +7.83321    tell says: 7560 

