 4   1 3 [ 1 ] 
 0      .....pad
 7   1 0 [ 2 ] 
 0      .....pad
1   [Number of trianglegroups]
 0      .....pad
 11   1 3 [ 3 ] 
 0
 0
 0      .....pad
 128 ...number of triangles    tell says: 97 
   81     82     83
   82     81     80
   76     77     79
   78     77     76
   73     75     72
   74     73     72
   68     69     71
   70     69     68
   65     67     64
   66     65     64
   62     63     54
   55     62     54
   27     62     55
   61     62     27
   59     61     27
   60     59     27
   24     27     55
   26     27     24
   25     26     24
   57     24     55
   58     57     55
   56     55     54
   18     53     52
   52     51     18
   50     49     42
   49     44     42
   49     21     44
   49     48     21
   48     47     21
   47     46     21
   21     16     44
   21     20     16
   20     19     16
   16     17     44
   17     45     44
   44     43     42
   40     23     22
   22     41     40
   38     39     15
   15      7     38
   36     37     14
   14      6     36
   34     35     13
   13      5     34
   32     33     12
   12      4     32
   30     31     11
   11      3     30
   28     29     10
   10      2     28
    0      8      9
    9      1      0
  203    202    201
  200    199    198
  195    196    197
  196    195    194
  190    193    192
  192    191    190
  187    189    186
  188    187    186
  185    182    183
  184    183    182
  179    181    178
  180    179    178
  174    175    177
  176    175    174
  171    173    170
  172    171    170
  169    168    167
  166    165    164
  116    123    153
  118    122    117
  163    121    162
  115    119    120
  157    119    115
  162    119    157
  117    119    162
  122    119    117
  121    117    162
  159    161    153
  158    159    153
  160    159    158
  123    158    153
  120    116    153
  115    120    153
  154    115    153
  156    115    154
  157    115    156
  155    154    153
  114    104    140
  113    109    105
  112    152    151
  110    103    111
  110    144    103
  110    151    144
  110    105    151
  110    113    105
  105    112    151
  108    150    149
  149    106    108
  148    147    140
  147    145    140
  147    146    145
  145    114    140
  104    111    140
  111    103    140
  103    142    140
  103    143    142
  103    144    143
  142    141    140
  107    102    139
  139    138    107
  136     92    101
  101    137    136
  134     91    100
  100    135    134
  132     90     99
   99    133    132
  130     89     98
   98    131    130
  128     88     97
   97    129    128
  126     87     96
   96    127    126
  124     86     95
   95    125    124
   84     85     94
   94     93     84
 0 ...groupflag    tell says: 869 
 0 0 0 0 0    .... first time bytes
 10   1 0 [ 4 ]  11   [ 3 ] 
 6   1 0 [ 5 ]  7   [ 2 ] 
204   [Number of vertices]
 0      .....pad
2   [Number of floatpairgroups]
 0      .....pad
 18   1 0 [ 6 ] 
 4   [type identifier]   tell says: 926 
 0      .....pad
204   [Number of vertices]
   0.3750001      0.6894314
   0.3750001      0.6708953
   0.3750001      0.6416552
   0.3750001      0.6202474
   0.3750001      0.7050956
   0.3750001      0.6907368
   0.3750001      0.6601914
   0.3750001      0.5369655
   0.3593750      0.6894314
   0.3593750      0.6708953
   0.3593750      0.6416552
   0.3593750      0.6202474
   0.3593750      0.7050956
   0.3593750      0.6907368
   0.3593750      0.6601914
   0.3593751      0.5369655
   0.3663626      0.6843586
   0.3752421      0.6840808
   0.3593751      0.6781474
   0.3666000      0.7200009
   0.3611669      0.7229836
   0.3563351      0.7169742
   0.3750001      0.6171274
   0.3593750      0.6173024
   0.3663626      0.6843586
   0.3666000      0.7200009
   0.3611669      0.7229836
   0.3563351      0.7169742
   0.3750001      0.6708953
   0.3593750      0.6708953
   0.3750001      0.6416552
   0.3593750      0.6416552
   0.3750001      0.7223264
   0.3593750      0.7223264
   0.3750001      0.7050956
   0.3593750      0.7050956
   0.3750001      0.6907368
   0.3593750      0.6907368
   0.3750001      0.6601914
   0.3593750      0.6601914
   0.3593750      0.6883872
   0.3750001      0.6883872
   0.3065993      0.5643780
   0.3280072      0.5476694
   0.3572472      0.5372266
   0.3757833      0.5367044
   0.3559289      0.7499449
   0.2846692      0.7497389
   0.2836249      0.6265131
   0.2880632      0.5959677
   0.2940678      0.5816087
   0.3750000      0.6840808
   0.3750001      0.5367044
   0.3593751      0.5367044
   0.3065993      0.5643780
   0.3572472      0.5372266
   0.3280072      0.5476694
   0.3752421      0.6840808
   0.3757833      0.5367044
   0.2846692      0.7497389
   0.3559289      0.7499449
   0.2836249      0.6265131
   0.2880632      0.5959677
   0.2940678      0.5816087
   0.3750000      0.6576157
   0.3593750      0.6905858
   0.3750000      0.6905863
   0.3593750      0.6576151
   0.3593750      0.6576157
   0.3750000      0.6636245
   0.3750000      0.6576151
   0.3593750      0.6636251
   0.3660855      0.6498415
   0.3716936      0.6654665
   0.3715186      0.6498415
   0.3662604      0.6654665
   0.3750000      0.6606424
   0.3593750      0.6249995
   0.3593750      0.6606418
   0.3750000      0.6250000
   0.3663229      0.6498415
   0.3574434      0.6498415
   0.3664979      0.6654665
   0.3576184      0.6654665
   0.3750001      0.6894314
   0.3750001      0.6708953
   0.3750001      0.6416552
   0.3750001      0.6202474
   0.3750001      0.7050956
   0.3750001      0.6907368
   0.3750001      0.6601914
   0.3750001      0.5369655
   0.3750001      0.5980563
   0.3593750      0.6894314
   0.3593750      0.6708953
   0.3593750      0.6416552
   0.3593750      0.6202474
   0.3593750      0.7050956
   0.3593750      0.6907368
   0.3593750      0.6601914
   0.3593751      0.5369655
   0.3593750      0.5980563
   0.3750001      0.6334710
   0.3420248      0.6484689
   0.3667198      0.6373810
   0.3669020      0.6641883
   0.3750000      0.6643988
   0.3593751      0.6332210
   0.3593751      0.6649775
   0.3668338      0.6541593
   0.3556650      0.6544337
   0.3555856      0.6423801
   0.3706925      0.6642832
   0.3606403      0.6543115
   0.3709194      0.6354954
   0.3420248      0.6484689
   0.3667198      0.6373810
   0.3669020      0.6641883
   0.3668338      0.6541593
   0.3556650      0.6544337
   0.3555856      0.6423801
   0.3706925      0.6642832
   0.3606403      0.6543115
   0.3709194      0.6354954
   0.3750001      0.6708953
   0.3593750      0.6708953
   0.3750001      0.6416552
   0.3593750      0.6416552
   0.3750001      0.7223264
   0.3593750      0.7223264
   0.3750001      0.7050956
   0.3593750      0.7050956
   0.3750001      0.6907368
   0.3593750      0.6907368
   0.3750001      0.6601914
   0.3593750      0.6601914
   0.3750001      0.6883872
   0.3593750      0.6883872
   0.3593751      0.5367044
   0.3750001      0.5367044
   0.3065993      0.5643780
   0.2940678      0.5816087
   0.2880632      0.5959677
   0.2836249      0.6265131
   0.2846692      0.7497389
   0.3754279      0.6334711
   0.3757833      0.5367044
   0.3572472      0.5372266
   0.3280072      0.5476694
   0.3750000      0.7500000
   0.3593750      0.7500000
   0.3750000      0.7500000
   0.3753144      0.6643989
   0.3065993      0.5643780
   0.2880632      0.5959677
   0.2940678      0.5816087
   0.2836249      0.6265131
   0.2846692      0.7497389
   0.3754279      0.6334711
   0.3572472      0.5372266
   0.3757833      0.5367044
   0.3280072      0.5476694
   0.3750000      0.7500000
   0.3753144      0.6643989
   0.3553517      0.6406250
   0.3599725      0.6250000
   0.3553507      0.6250000
   0.3599725      0.6406250
   0.3599725      0.6250000
   0.3553517      0.6406250
   0.3637631      0.6406250
   0.3599725      0.6250000
   0.3599725      0.6406250
   0.3637631      0.6250000
   0.3729705      0.6479837
   0.3573455      0.6379547
   0.3573455      0.6479837
   0.3729705      0.6379547
   0.3700247      0.6406250
   0.3638312      0.6250000
   0.3638312      0.6406250
   0.3700247      0.6250000
   0.3700247      0.6406250
   0.3750000      0.6250000
   0.3700247      0.6250000
   0.3750000      0.6406250
   0.3729705      0.6261755
   0.3573455      0.6382291
   0.3729705      0.6382291
   0.3573455      0.6261755
   0.3663709      0.6250000
   0.3552366      0.6250000
   0.3552366      0.6406250
   0.3663709      0.6406250
   0.3663709      0.6406250
   0.3705704      0.6406250
   0.3663709      0.6250000
   0.3705704      0.6250000
   0.3750789      0.6250000
   0.3705704      0.6250000
   0.3705704      0.6406250
   0.3750794      0.6406250
   0.3750789      0.6250000
   0.3705704      0.6406250

 0 0 0 0    .... footer bytes
 17   1 0 [ 7 ]  18   [ 6 ] 
 18   [ 8 ] 
 1   [type identifier]   tell says: 2592 
204   [Number of vertices]
   0.0000000      0.0000000
   0.0000000      0.0000000
   0.0000000      0.0000000
   0.0000000      0.0000000
   0.0000000      0.0000000
   0.0000000      0.0000000
   0.0000000      0.0000000
   0.0000000      0.0000000
   0.0000000      0.0000000
   0.0000000      0.0000000
   0.0000000      0.0000000
   0.0000000      0.0000000
   0.0000000      0.0000000
   0.0000000      0.0000000
   0.0000000      0.0000000
   0.0000000      0.0000000
   0.0000000      0.0000000
   0.0000000      0.0000000
   0.0000000      0.0000000
   0.0000000      0.0000000
   0.0000000      0.0000000
   0.0000000      0.0000000
   0.0000000      0.0000000
   0.0000000      0.0000000
   0.0000000      0.0000000
   0.0000000      0.0000000
   0.0000000      0.0000000
   0.0000000      0.0000000
   0.0000000      0.0000000
   0.0000000      0.0000000
   0.0000000      0.0000000
   0.0000000      0.0000000
   0.0000000      0.0000000
   0.0000000      0.0000000
   0.0000000      0.0000000
   0.0000000      0.0000000
   0.0000000      0.0000000
   0.0000000      0.0000000
   0.0000000      0.0000000
   0.0000000      0.0000000
   0.0000000      0.0000000
   0.0000000      0.0000000
   0.0000000      0.0000000
   0.0000000      0.0000000
   0.0000000      0.0000000
   0.0000000      0.0000000
   0.0000000      0.0000000
   0.0000000      0.0000000
   0.0000000      0.0000000
   0.0000000      0.0000000
   0.0000000      0.0000000
   0.0000000      0.0000000
   0.0000000      0.0000000
   0.0000000      0.0000000
   0.0000000      0.0000000
   0.0000000      0.0000000
   0.0000000      0.0000000
   0.0000000      0.0000000
   0.0000000      0.0000000
   0.0000000      0.0000000
   0.0000000      0.0000000
   0.0000000      0.0000000
   0.0000000      0.0000000
   0.0000000      0.0000000
   0.0000000      0.0000000
   0.0000000      0.0000000
   0.0000000      0.0000000
   0.0000000      0.0000000
   0.0000000      0.0000000
   0.0000000      0.0000000
   0.0000000      0.0000000
   0.0000000      0.0000000
   0.0000000      0.0000000
   0.0000000      0.0000000
   0.0000000      0.0000000
   0.0000000      0.0000000
   0.0000000      0.0000000
   0.0000000      0.0000000
   0.0000000      0.0000000
   0.0000000      0.0000000
   0.0000000      0.0000000
   0.0000000      0.0000000
   0.0000000      0.0000000
   0.0000000      0.0000000
   0.0000000      0.0000000
   0.0000000      0.0000000
   0.0000000      0.0000000
   0.0000000      0.0000000
   0.0000000      0.0000000
   0.0000000      0.0000000
   0.0000000      0.0000000
   0.0000000      0.0000000
   0.0000000      0.0000000
   0.0000000      0.0000000
   0.0000000      0.0000000
   0.0000000      0.0000000
   0.0000000      0.0000000
   0.0000000      0.0000000
   0.0000000      0.0000000
   0.0000000      0.0000000
   0.0000000      0.0000000
   0.0000000      0.0000000
   0.0000000      0.0000000
   0.0000000      0.0000000
   0.0000000      0.0000000
   0.0000000      0.0000000
   0.0000000      0.0000000
   0.0000000      0.0000000
   0.0000000      0.0000000
   0.0000000      0.0000000
   0.0000000      0.0000000
   0.0000000      0.0000000
   0.0000000      0.0000000
   0.0000000      0.0000000
   0.0000000      0.0000000
   0.0000000      0.0000000
   0.0000000      0.0000000
   0.0000000      0.0000000
   0.0000000      0.0000000
   0.0000000      0.0000000
   0.0000000      0.0000000
   0.0000000      0.0000000
   0.0000000      0.0000000
   0.0000000      0.0000000
   0.0000000      0.0000000
   0.0000000      0.0000000
   0.0000000      0.0000000
   0.0000000      0.0000000
   0.0000000      0.0000000
   0.0000000      0.0000000
   0.0000000      0.0000000
   0.0000000      0.0000000
   0.0000000      0.0000000
   0.0000000      0.0000000
   0.0000000      0.0000000
   0.0000000      0.0000000
   0.0000000      0.0000000
   0.0000000      0.0000000
   0.0000000      0.0000000
   0.0000000      0.0000000
   0.0000000      0.0000000
   0.0000000      0.0000000
   0.0000000      0.0000000
   0.0000000      0.0000000
   0.0000000      0.0000000
   0.0000000      0.0000000
   0.0000000      0.0000000
   0.0000000      0.0000000
   0.0000000      0.0000000
   0.0000000      0.0000000
   0.0000000      0.0000000
   0.0000000      0.0000000
   0.0000000      0.0000000
   0.0000000      0.0000000
   0.0000000      0.0000000
   0.0000000      0.0000000
   0.0000000      0.0000000
   0.0000000      0.0000000
   0.0000000      0.0000000
   0.0000000      0.0000000
   0.0000000      0.0000000
   0.0000000      0.0000000
   0.0000000      0.0000000
   0.0000000      0.0000000
   0.0000000      0.0000000
   0.0000000      0.0000000
   0.0000000      0.0000000
   0.0000000      0.0000000
   0.0000000      0.0000000
   0.0000000      0.0000000
   0.0000000      0.0000000
   0.0000000      0.0000000
   0.0000000      0.0000000
   0.0000000      0.0000000
   0.0000000      0.0000000
   0.0000000      0.0000000
   0.0000000      0.0000000
   0.0000000      0.0000000
   0.0000000      0.0000000
   0.0000000      0.0000000
   0.0000000      0.0000000
   0.0000000      0.0000000
   0.0000000      0.0000000
   0.0000000      0.0000000
   0.0000000      0.0000000
   0.0000000      0.0000000
   0.0000000      0.0000000
   0.0000000      0.0000000
   0.0000000      0.0000000
   0.0000000      0.0000000
   0.0000000      0.0000000
   0.0000000      0.0000000
   0.0000000      0.0000000
   0.0000000      0.0000000
   0.0000000      0.0000000
   0.0000000      0.0000000
   0.0000000      0.0000000
   0.0000000      0.0000000
   0.0000000      0.0000000
   0.0000000      0.0000000
   0.0000000      0.0000000
   0.0000000      0.0000000
   0.0000000      0.0000000
   0.0000000      0.0000000

 0 0 0 0    .... footer bytes
 17   [ 9 ]  18   [ 8 ] 
 0      .....pad
1   [Number of floattriplesgroups]
 0      .....pad
 23   1 0 [ 10 ] 
 0   [type identifier]   tell says: 4264 
 0      .....pad
204   [Number of vertices]
  -5.6214666      3.4127293      1.3876748
  -5.0838857      3.3960207      1.1369966
  -4.2358708      3.0618486      0.7415608
  -3.6150029      2.5271742      0.4520452
  -3.2515674      1.9757909      0.2825725
  -3.0774217      1.5163045      0.2013669
  -2.9487050      0.5388516      0.1413454
  -2.9789913     -3.4043746      0.1554680
  -5.4996343      3.4127378      1.6423203
  -4.9620538      3.3960290      1.3916422
  -4.1140389      3.0618572      0.9962063
  -3.4931707      2.5271826      0.7066908
  -3.1297355      1.9757991      0.5372180
  -2.9555898      1.5163128      0.4560124
  -2.8268731      0.5388601      0.3959908
  -2.8571594     -3.4043663      0.4101136
  -5.3482499     -1.3122040      1.2602715
  -5.6057715     -1.3033166      1.3803562
  -5.4814024     -1.3032995      1.6338186
  -5.3551364     -2.4527593      1.2634829
  -5.1975651     -2.5482061      1.1900060
  -5.0574341     -2.3559046      1.1246618
  -5.0456538     -3.4109657      1.1191689
  -4.9212847     -3.4109488      1.3726313
  -5.2238808     -1.3121870      1.5137340
  -5.2307673     -2.4527421      1.5169455
  -5.0731959     -2.5481889      1.4434685
  -4.9330649     -2.3558877      1.3781244
  -5.0838857      3.3960207      1.1369966
  -4.9620538      3.3960290      1.3916422
  -4.2358708      3.0618486      0.7415608
  -4.1140389      3.0618572      0.9962063
  -3.6150029      2.5271742      0.4520452
  -3.4931707      2.5271826      0.7066908
  -3.2515674      1.9757909      0.2825725
  -3.1297355      1.9757991      0.5372180
  -3.0774217      1.5163045      0.2013669
  -2.9555898      1.5163128      0.4560124
  -2.9487050      0.5388516      0.1413454
  -2.8268731      0.5388601      0.3959908
  -2.8571594     -3.4043663      0.4101136
  -2.9789913     -3.4043746      0.1554680
  -3.6150029      2.5271742      0.4520452
  -4.2358708      3.0618486      0.7415608
  -5.0838857      3.3960207      1.1369966
  -5.6214666      3.4127293      1.3876748
  -5.0456538     -3.4109657      1.1191689
  -2.9789913     -3.4043746      0.1554680
  -2.9487050      0.5388516      0.1413454
  -3.0774217      1.5163045      0.2013669
  -3.2515674      1.9757909      0.2825725
  -5.6057715     -1.3033166      1.3803562
  -5.6214666      3.4127293      1.3876748
  -5.4996343      3.4127378      1.6423203
  -3.4931707      2.5271826      0.7066908
  -4.9620538      3.3960290      1.3916422
  -4.1140389      3.0618572      0.9962063
  -5.4814024     -1.3032995      1.6338186
  -5.4996343      3.4127378      1.6423203
  -2.8571594     -3.4043663      0.4101136
  -4.9212847     -3.4109488      1.3726313
  -2.8268731      0.5388601      0.3959908
  -2.9555898      1.5163128      0.4560124
  -3.1297355      1.9757991      0.5372180
  -5.0574341     -2.3559046      1.1246618
  -4.9212847     -3.4109488      1.3726313
  -5.0456538     -3.4109657      1.1191689
  -4.9330649     -2.3558877      1.3781244
  -5.0574341     -2.3559046      1.1246618
  -5.0731959     -2.5481889      1.4434685
  -4.9330649     -2.3558877      1.3781244
  -5.1975651     -2.5482061      1.1900060
  -5.3551364     -2.4527593      1.2634829
  -5.0731959     -2.5481889      1.4434685
  -5.1975651     -2.5482061      1.1900060
  -5.2307673     -2.4527421      1.5169455
  -5.3551364     -2.4527593      1.2634829
  -5.2238808     -1.3121870      1.5137340
  -5.2307673     -2.4527421      1.5169455
  -5.3482499     -1.3122040      1.2602715
  -5.3482499     -1.3122040      1.2602715
  -5.6057715     -1.3033166      1.3803562
  -5.2238808     -1.3121870      1.5137340
  -5.4814024     -1.3032995      1.6338186
   5.6104903      3.4127293      1.3536960
   5.0729098      3.3960207      1.1030178
   4.2248950      3.0618486      0.7075819
   3.6040268      2.5271740      0.4180663
   3.2405920      1.9757906      0.2485937
   3.0664458      1.5163044      0.1673881
   2.9377294      0.5388516      0.1073666
   2.9680157     -3.4043746      0.1214892
   5.5877757     -3.4127293      1.3431038
   5.4911957      3.4127293      1.6095246
   4.9536152      3.3960207      1.3588465
   4.1056004      3.0618486      0.9634107
   3.4847319      2.5271740      0.6738951
   3.1212971      1.9757906      0.5044225
   2.9471512      1.5163044      0.4232169
   2.8184342      0.5388516      0.3631953
   2.8487206     -3.4043746      0.3773181
   5.4684811     -3.4127293      1.5989326
   5.6001854      0.3161970      1.3488905
   4.6314335     -0.1637330      0.8971540
   5.3476348      0.1910806      1.2311242
   5.3529172     -0.6667547      1.2335873
   5.5968919     -0.6734934      1.3473548
   5.4809041      0.3201983      1.6047256
   5.4775662     -0.6827509      1.6031691
   5.3509407     -0.3458281      1.2326658
   5.0270257     -0.3546082      1.0816215
   5.0247221      0.0311062      1.0805476
   5.4628496     -0.5821687      1.2848496
   5.1713176     -0.2609096      1.1489061
   5.4694304      0.1904527      1.2879184
   4.5121384     -0.1637330      1.1529826
   5.2283401      0.1910806      1.4869528
   5.2336221     -0.6667547      1.4894160
   5.2316461     -0.3458281      1.4884945
   4.9077306     -0.3546082      1.3374503
   4.9054275      0.0311062      1.3363763
   5.3435545     -0.5821687      1.5406784
   5.0520225     -0.2609096      1.4047347
   5.3501353      0.1904527      1.5437472
   5.0729098      3.3960207      1.1030178
   4.9536152      3.3960207      1.3588465
   4.2248950      3.0618486      0.7075819
   4.1056004      3.0618486      0.9634107
   3.6040268      2.5271740      0.4180663
   3.4847319      2.5271740      0.6738951
   3.2405920      1.9757906      0.2485937
   3.1212971      1.9757906      0.5044225
   3.0664458      1.5163044      0.1673881
   2.9471512      1.5163044      0.4232169
   2.9377294      0.5388516      0.1073666
   2.8184342      0.5388516      0.3631953
   2.9680157     -3.4043746      0.1214892
   2.8487206     -3.4043746      0.3773181
   5.4911957      3.4127293      1.6095246
   5.6104903      3.4127293      1.3536960
   3.6040268      2.5271740      0.4180663
   3.2405920      1.9757906      0.2485937
   3.0664458      1.5163044      0.1673881
   2.9377294      0.5388516      0.1073666
   2.9680157     -3.4043746      0.1214892
   5.6001854      0.3161970      1.3488905
   5.6104903      3.4127293      1.3536960
   5.0729098      3.3960207      1.1030178
   4.2248950      3.0618486      0.7075819
   5.5877757     -3.4127293      1.3431038
   5.4684811     -3.4127293      1.5989326
   5.5877757     -3.4127293      1.3431038
   5.5968919     -0.6734934      1.3473548
   3.4847319      2.5271740      0.6738951
   2.9471512      1.5163044      0.4232169
   3.1212971      1.9757906      0.5044225
   2.8184342      0.5388516      0.3631953
   2.8487206     -3.4043746      0.3773181
   5.4809041      0.3201983      1.6047256
   4.9536152      3.3960207      1.3588465
   5.4911957      3.4127293      1.6095246
   4.1056004      3.0618486      0.9634107
   5.4684811     -3.4127293      1.5989326
   5.4775662     -0.6827509      1.6031691
   5.4775662     -0.6827509      1.6031691
   5.4628496     -0.5821687      1.2848496
   5.5968919     -0.6734934      1.3473548
   5.3435545     -0.5821687      1.5406784
   5.4628496     -0.5821687      1.2848496
   5.4775662     -0.6827509      1.6031691
   5.2336221     -0.6667547      1.4894160
   5.4628496     -0.5821687      1.2848496
   5.3435545     -0.5821687      1.5406784
   5.3529172     -0.6667547      1.2335873
   5.2336221     -0.6667547      1.4894160
   5.3509407     -0.3458281      1.2326658
   5.3529172     -0.6667547      1.2335873
   5.2316461     -0.3458281      1.4884945
   5.0520225     -0.2609096      1.4047347
   5.3509407     -0.3458281      1.2326658
   5.2316461     -0.3458281      1.4884945
   5.1713176     -0.2609096      1.1489061
   5.0520225     -0.2609096      1.4047347
   5.0270257     -0.3546082      1.0816215
   5.1713176     -0.2609096      1.1489061
   4.9077306     -0.3546082      1.3374503
   4.9054275      0.0311062      1.3363763
   5.0270257     -0.3546082      1.0816215
   4.9077306     -0.3546082      1.3374503
   5.0247221      0.0311062      1.0805476
   5.3476348      0.1910806      1.2311242
   5.0247221      0.0311062      1.0805476
   4.9054275      0.0311062      1.3363763
   5.2283401      0.1910806      1.4869528
   5.2283401      0.1910806      1.4869528
   5.3501353      0.1904527      1.5437472
   5.3476348      0.1910806      1.2311242
   5.4694304      0.1904527      1.2879184
   5.6001854      0.3161970      1.3488905
   5.4694304      0.1904527      1.2879184
   5.3501353      0.1904527      1.5437472
   5.4809041      0.3201983      1.6047256
   5.6001854      0.3161970      1.3488905
   5.3501353      0.1904527      1.5437472

 0 0 0 0    .... footer bytes
 22   1 0 [ 11 ]  23   [ 10 ] 
 0      .....pad
7   [Number of bytequadgroups]
 0      .....pad
 28   1 0 [ 12 ] 
 3   [type identifier]   tell says: 6756 
 0      .....pad
204   [Number of vertices]
 125  254  130    0
 125  254  130    0
 108  247  166    0
  93  228  198    0
  82  202  220    0
  76  176  233    0
  73  145  241    0
  72  126  242    0
 125  254  130    0
 125  254  130    0
 108  247  166    0
  93  228  198    0
  82  202  220    0
  76  176  233    0
  73  145  241    0
  72  126  242    0
  11  127   73    0
  11  127   73    0
 183  126   12    0
  11  127   73    0
  11  127   73    0
  11  127   73    0
 127    0  127    0
 127    0  127    0
 243  127  181    0
 243  127  181    0
 243  127  181    0
 243  127  181    0
 108  247  166    0
 108  247  166    0
  93  228  198    0
  93  228  198    0
  82  202  220    0
  82  202  220    0
  76  176  233    0
  76  176  233    0
  73  145  241    0
  73  145  241    0
  72  126  242    0
  72  126  242    0
 127    0  127    0
 127    0  127    0
  11  127   73    0
  11  127   73    0
  11  127   73    0
  11  127   73    0
  11  127   73    0
  11  127   73    0
  11  127   73    0
  11  127   73    0
  11  127   73    0
 183  127   13    0
 183  126   12    0
 182  126   12    0
 243  127  181    0
 243  127  181    0
 243  127  181    0
 243  127  181    0
 243  127  181    0
 243  127  181    0
 243  127  181    0
 243  127  181    0
 243  127  181    0
 243  127  181    0
 183  125   13    0
 183  125   13    0
 183  125   13    0
 183  125   13    0
  83   47  216    0
  83   47  216    0
  83   47  216    0
  83   47  216    0
 154   15   72    0
 154   15   72    0
 154   15   72    0
 154   15   72    0
 183  128   13    0
 183  128   13    0
 183  128   13    0
 183  128   13    0
 129    0  123    0
 129    0  123    0
 129    0  123    0
 129    0  123    0
 125  254  124    0
 125  254  124    0
 109  247   88    0
  94  228   56    0
  83  202   34    0
  77  176   20    0
  74  145   13    0
  73  126   11    0
 127    0  127    0
 125  254  124    0
 125  254  124    0
 109  247   88    0
  94  228   56    0
  83  202   34    0
  77  176   20    0
  74  145   13    0
  73  126   11    0
 127    0  127    0
 181  127  243    0
  11  127  181    0
  11  127  181    0
  11  127  181    0
 181  127  243    0
 181  127  243    0
 181  127  243    0
  11  127  181    0
  11  127  181    0
  11  127  181    0
  11  127  181    0
  11  127  181    0
  11  127  181    0
 243  127   73    0
 243  127   73    0
 243  127   73    0
 243  127   73    0
 243  127   73    0
 243  127   73    0
 243  127   73    0
 243  127   73    0
 243  127   73    0
 109  247   88    0
 109  247   88    0
  94  228   56    0
  94  228   56    0
  83  202   34    0
  83  202   34    0
  77  176   20    0
  77  176   20    0
  74  145   13    0
  74  145   13    0
  73  126   11    0
  73  126   11    0
 127    0  127    0
 127    0  127    0
 181  127  243    0
 181  127  243    0
  11  127  181    0
  11  127  181    0
  11  127  181    0
  11  127  181    0
  11  127  181    0
  11  127  181    0
  11  127  181    0
  11  127  181    0
  11  127  181    0
 181  127  243    0
 181  127  243    0
  11  127  181    0
  11  127  181    0
 243  127   73    0
 243  127   73    0
 243  127   73    0
 243  127   73    0
 243  127   73    0
 243  127   73    0
 243  127   73    0
 243  127   73    0
 243  127   73    0
 243  127   73    0
 243  127   73    0
 159  235  186    0
 159  235  186    0
 159  235  186    0
 157  232  192    0
 157  232  192    0
 157  232  192    0
  96  232   61    0
  96  232   61    0
  96  232   61    0
  96  232   61    0
 181  128  243    0
 181  128  243    0
 181  128  243    0
 181  128  243    0
 148  244  173    0
 148  244  173    0
 148  244  173    0
 148  244  173    0
 100  237   68    0
 100  237   68    0
 100  237   68    0
 100  237   68    0
 181  128  243    0
 181  128  243    0
 181  128  243    0
 181  128  243    0
 149   11  174    0
 149   11  174    0
 149   11  174    0
 149   11  174    0
 127    0  126    0
 127    0  126    0
 127    0  126    0
 127    0  126    0
 162   31  203    0
 162   31  203    0
 162   31  203    0
 164   32  204    0
 164   32  204    0
 164   32  204    0

 0 0 0 0    .... footer bytes
 27   1 0 [ 13 ]  28   [ 12 ]    tell says: 7596 
 28   [ 14 ] 
 10   [type identifier]   tell says: 7606 
204   [Number of vertices]
 242  127  182    0
 242  127  182    0
 242  127  182    0
 242  127  182    0
 242  127  182    0
 242  127  182    0
 242  127  182    0
 242  127  182    0
 242  127  182    0
 242  127  182    0
 242  127  182    0
 242  127  182    0
 242  127  182    0
 242  127  182    0
 242  127  182    0
 242  127  182    0
  73  127  243    0
  73  127  243    0
 237   90  180    0
  73  127  243    0
  73  127  243    0
  73  127  243    0
 242  127  181    0
 243  127  181    0
  73  127  243    0
  73  127  243    0
  73  127  243    0
  73  127  243    0
 242  127  182    0
 242  127  182    0
 242  127  182    0
 242  127  182    0
 242  127  182    0
 242  127  182    0
 242  127  182    0
 242  127  182    0
 242  127  182    0
 242  127  182    0
 242  127  182    0
 242  127  182    0
 242  127  181    0
 242  127  182    0
  73  127  243    0
  73  127  243    0
  73  127  243    0
  73  127  243    0
  73  127  243    0
  73  127  243    0
  73  127  243    0
  73  127  243    0
  73  127  243    0
 222   56  174    0
 237   90  180    0
 242  127  182    0
  73  127  243    0
  73  127  243    0
  73  127  243    0
  73  127  243    0
  73  127  243    0
  73  127  243    0
  73  127  243    0
  73  127  243    0
  73  127  243    0
  73  127  243    0
 241  127  183    0
 241  127  183    0
 241  127  183    0
 241  127  183    0
  13  127   71    0
  13  127   71    0
  13  127   71    0
  13  127   71    0
 174  188   26    0
 174  188   26    0
 174  188   26    0
 174  188   26    0
 241  127  183    0
 241  127  183    0
 241  127  183    0
 241  127  183    0
 181  131   12    0
 181  131   12    0
 181  131   12    0
 181  131   12    0
 243  127   73    0
 243  127   73    0
 243  127   73    0
 243  127   73    0
 243  127   73    0
 243  127   73    0
 243  127   73    0
 243  127   73    0
 243  127   73    0
 243  127   73    0
 243  127   73    0
 243  127   73    0
 243  127   73    0
 243  127   73    0
 243  127   73    0
 243  127   73    0
 243  127   73    0
 243  127   73    0
 243  125   73    0
  73  127   11    0
  74  147   13    0
  74  104   13    0
 242  131   73    0
 243  126   73    0
 243  129   73    0
  78  180   22    0
  73  114   12    0
  73  127   11    0
  73  121   12    0
  73  122   12    0
  73  129   11    0
  73  127   11    0
  74  147   13    0
  74  104   13    0
  78  180   22    0
  73  114   12    0
  73  127   11    0
  73  124   11    0
  73  122   12    0
  73  128   11    0
 243  127   73    0
 243  127   73    0
 243  127   73    0
 243  127   73    0
 243  127   73    0
 243  127   73    0
 243  127   73    0
 243  127   73    0
 243  127   73    0
 243  127   73    0
 243  127   73    0
 243  127   73    0
 243  127   73    0
 243  127   73    0
 243  127   73    0
 243  126   73    0
  73  128   11    0
  73  127   11    0
  73  127   11    0
  73  127   11    0
  73  127   11    0
  73  115   12    0
  73  127   11    0
  73  127   11    0
  73  127   11    0
 243  129   73    0
 243  127   73    0
  73  124   11    0
  81  192   28    0
  73  127   11    0
  73  127   11    0
  73  127   11    0
  73  127   11    0
  73  127   11    0
  73  114   12    0
  73  127   11    0
  73  127   11    0
  73  127   11    0
  73  126   11    0
  82  197   30    0
 173   60  225    0
 173   60  225    0
 173   60  225    0
 172   55  223    0
 172   55  223    0
 172   55  223    0
 171  200  222    0
 171  200  222    0
 171  200  222    0
 171  200  222    0
  11  127  181    0
  11  127  181    0
  11  127  181    0
  11  127  181    0
 177   77  233    0
 177   77  233    0
 177   77  233    0
 177   77  233    0
 173  192  227    0
 173  192  227    0
 173  192  227    0
 173  192  227    0
  11  127  181    0
  11  127  181    0
  11  127  181    0
  11  127  181    0
  78   75   22    0
  78   75   22    0
  78   75   22    0
  78   75   22    0
  73  128   11    0
  73  128   11    0
  73  128   11    0
  73  128   11    0
  86   43   40    0
  86   43   40    0
  86   43   40    0
  87   42   41    0
  87   42   41    0
  87   42   41    0

 0 0 0 0    .... footer bytes
 27   [ 15 ]  28   [ 14 ]    tell says: 8442 
 28   [ 16 ] 
 8   [type identifier]   tell says: 8452 
204   [Number of vertices]
   0    0    0  255
   0    0    0  255
   0    0    0  255
   0    0    0  255
   0    0    0  255
   0    0    0  255
   0    0    0  255
   0    0    0  255
   0    0    0  255
   0    0    0  255
   0    0    0  255
   0    0    0  255
   0    0    0  255
   0    0    0  255
   0    0    0  255
   0    0    0  255
   0    0    0  255
   0    0    0  255
   0    0    0  255
   0    0    0  255
   0    0    0  255
   0    0    0  255
   0    0    0  255
   0    0    0  255
   0    0    0  255
   0    0    0  255
   0    0    0  255
   0    0    0  255
   0    0    0  255
   0    0    0  255
   0    0    0  255
   0    0    0  255
   0    0    0  255
   0    0    0  255
   0    0    0  255
   0    0    0  255
   0    0    0  255
   0    0    0  255
   0    0    0  255
   0    0    0  255
   0    0    0  255
   0    0    0  255
   0    0    0  255
   0    0    0  255
   0    0    0  255
   0    0    0  255
   0    0    0  255
   0    0    0  255
   0    0    0  255
   0    0    0  255
   0    0    0  255
   0    0    0  255
   0    0    0  255
   0    0    0  255
   0    0    0  255
   0    0    0  255
   0    0    0  255
   0    0    0  255
   0    0    0  255
   0    0    0  255
   0    0    0  255
   0    0    0  255
   0    0    0  255
   0    0    0  255
   0    0    0  255
   0    0    0  255
   0    0    0  255
   0    0    0  255
   0    0    0  255
   0    0    0  255
   0    0    0  255
   0    0    0  255
   0    0    0  255
   0    0    0  255
   0    0    0  255
   0    0    0  255
   0    0    0  255
   0    0    0  255
   0    0    0  255
   0    0    0  255
   0    0    0  255
   0    0    0  255
   0    0    0  255
   0    0    0  255
   0    0    0  255
   0    0    0  255
   0    0    0  255
   0    0    0  255
   0    0    0  255
   0    0    0  255
   0    0    0  255
   0    0    0  255
   0    0    0  255
   0    0    0  255
   0    0    0  255
   0    0    0  255
   0    0    0  255
   0    0    0  255
   0    0    0  255
   0    0    0  255
   0    0    0  255
   0    0    0  255
   0    0    0  255
   0    0    0  255
   0    0    0  255
   0    0    0  255
   0    0    0  255
   0    0    0  255
   0    0    0  255
   0    0    0  255
   0    0    0  255
   0    0    0  255
   0    0    0  255
   0    0    0  255
   0    0    0  255
   0    0    0  255
   0    0    0  255
   0    0    0  255
   0    0    0  255
   0    0    0  255
   0    0    0  255
   0    0    0  255
   0    0    0  255
   0    0    0  255
   0    0    0  255
   0    0    0  255
   0    0    0  255
   0    0    0  255
   0    0    0  255
   0    0    0  255
   0    0    0  255
   0    0    0  255
   0    0    0  255
   0    0    0  255
   0    0    0  255
   0    0    0  255
   0    0    0  255
   0    0    0  255
   0    0    0  255
   0    0    0  255
   0    0    0  255
   0    0    0  255
   0    0    0  255
   0    0    0  255
   0    0    0  255
   0    0    0  255
   0    0    0  255
   0    0    0  255
   0    0    0  255
   0    0    0  255
   0    0    0  255
   0    0    0  255
   0    0    0  255
   0    0    0  255
   0    0    0  255
   0    0    0  255
   0    0    0  255
   0    0    0  255
   0    0    0  255
   0    0    0  255
   0    0    0  255
   0    0    0  255
   0    0    0  255
   0    0    0  255
   0    0    0  255
   0    0    0  255
   0    0    0  255
   0    0    0  255
   0    0    0  255
   0    0    0  255
   0    0    0  255
   0    0    0  255
   0    0    0  255
   0    0    0  255
   0    0    0  255
   0    0    0  255
   0    0    0  255
   0    0    0  255
   0    0    0  255
   0    0    0  255
   0    0    0  255
   0    0    0  255
   0    0    0  255
   0    0    0  255
   0    0    0  255
   0    0    0  255
   0    0    0  255
   0    0    0  255
   0    0    0  255
   0    0    0  255
   0    0    0  255
   0    0    0  255
   0    0    0  255
   0    0    0  255
   0    0    0  255
   0    0    0  255
   0    0    0  255
   0    0    0  255
   0    0    0  255
   0    0    0  255
   0    0    0  255
   0    0    0  255
   0    0    0  255
   0    0    0  255

 0 0 0 0    .... footer bytes
 27   [ 17 ]  28   [ 16 ]    tell says: 9288 
 28   [ 18 ] 
 9   [type identifier]   tell says: 9298 
204   [Number of vertices]
   0    0    0    0
   0    0    0    0
   0    0    0    0
   0    0    0    0
   0    0    0    0
   0    0    0    0
   0    0    0    0
   0    0    0    0
   0    0    0    0
   0    0    0    0
   0    0    0    0
   0    0    0    0
   0    0    0    0
   0    0    0    0
   0    0    0    0
   0    0    0    0
   0    0    0    0
   0    0    0    0
   0    0    0    0
   0    0    0    0
   0    0    0    0
   0    0    0    0
   0    0    0    0
   0    0    0    0
   0    0    0    0
   0    0    0    0
   0    0    0    0
   0    0    0    0
   0    0    0    0
   0    0    0    0
   0    0    0    0
   0    0    0    0
   0    0    0    0
   0    0    0    0
   0    0    0    0
   0    0    0    0
   0    0    0    0
   0    0    0    0
   0    0    0    0
   0    0    0    0
   0    0    0    0
   0    0    0    0
   0    0    0    0
   0    0    0    0
   0    0    0    0
   0    0    0    0
   0    0    0    0
   0    0    0    0
   0    0    0    0
   0    0    0    0
   0    0    0    0
   0    0    0    0
   0    0    0    0
   0    0    0    0
   0    0    0    0
   0    0    0    0
   0    0    0    0
   0    0    0    0
   0    0    0    0
   0    0    0    0
   0    0    0    0
   0    0    0    0
   0    0    0    0
   0    0    0    0
   0    0    0    0
   0    0    0    0
   0    0    0    0
   0    0    0    0
   0    0    0    0
   0    0    0    0
   0    0    0    0
   0    0    0    0
   0    0    0    0
   0    0    0    0
   0    0    0    0
   0    0    0    0
   0    0    0    0
   0    0    0    0
   0    0    0    0
   0    0    0    0
   0    0    0    0
   0    0    0    0
   0    0    0    0
   0    0    0    0
   0    0    0    0
   0    0    0    0
   0    0    0    0
   0    0    0    0
   0    0    0    0
   0    0    0    0
   0    0    0    0
   0    0    0    0
   0    0    0    0
   0    0    0    0
   0    0    0    0
   0    0    0    0
   0    0    0    0
   0    0    0    0
   0    0    0    0
   0    0    0    0
   0    0    0    0
   0    0    0    0
   0    0    0    0
   0    0    0    0
   0    0    0    0
   0    0    0    0
   0    0    0    0
   0    0    0    0
   0    0    0    0
   0    0    0    0
   0    0    0    0
   0    0    0    0
   0    0    0    0
   0    0    0    0
   0    0    0    0
   0    0    0    0
   0    0    0    0
   0    0    0    0
   0    0    0    0
   0    0    0    0
   0    0    0    0
   0    0    0    0
   0    0    0    0
   0    0    0    0
   0    0    0    0
   0    0    0    0
   0    0    0    0
   0    0    0    0
   0    0    0    0
   0    0    0    0
   0    0    0    0
   0    0    0    0
   0    0    0    0
   0    0    0    0
   0    0    0    0
   0    0    0    0
   0    0    0    0
   0    0    0    0
   0    0    0    0
   0    0    0    0
   0    0    0    0
   0    0    0    0
   0    0    0    0
   0    0    0    0
   0    0    0    0
   0    0    0    0
   0    0    0    0
   0    0    0    0
   0    0    0    0
   0    0    0    0
   0    0    0    0
   0    0    0    0
   0    0    0    0
   0    0    0    0
   0    0    0    0
   0    0    0    0
   0    0    0    0
   0    0    0    0
   0    0    0    0
   0    0    0    0
   0    0    0    0
   0    0    0    0
   0    0    0    0
   0    0    0    0
   0    0    0    0
   0    0    0    0
   0    0    0    0
   0    0    0    0
   0    0    0    0
   0    0    0    0
   0    0    0    0
   0    0    0    0
   0    0    0    0
   0    0    0    0
   0    0    0    0
   0    0    0    0
   0    0    0    0
   0    0    0    0
   0    0    0    0
   0    0    0    0
   0    0    0    0
   0    0    0    0
   0    0    0    0
   0    0    0    0
   0    0    0    0
   0    0    0    0
   0    0    0    0
   0    0    0    0
   0    0    0    0
   0    0    0    0
   0    0    0    0
   0    0    0    0
   0    0    0    0
   0    0    0    0
   0    0    0    0
   0    0    0    0
   0    0    0    0
   0    0    0    0
   0    0    0    0
   0    0    0    0
   0    0    0    0
   0    0    0    0
   0    0    0    0
   0    0    0    0

 0 0 0 0    .... footer bytes
 27   [ 19 ]  28   [ 18 ]    tell says: 10134 
 28   [ 20 ] 
 13   [type identifier]   tell says: 10144 
204   [Number of vertices]
   2    0    0    0
   2    0    0    0
   2    0    0    0
   2    0    0    0
   2    0    0    0
   2    0    0    0
   2    0    0    0
   2    0    0    0
   2    0    0    0
   2    0    0    0
   2    0    0    0
   2    0    0    0
   2    0    0    0
   2    0    0    0
   2    0    0    0
   2    0    0    0
   2    0    0    0
   2    0    0    0
   2    0    0    0
   2    0    0    0
   2    0    0    0
   2    0    0    0
   2    0    0    0
   2    0    0    0
   2    0    0    0
   2    0    0    0
   2    0    0    0
   2    0    0    0
   2    0    0    0
   2    0    0    0
   2    0    0    0
   2    0    0    0
   2    0    0    0
   2    0    0    0
   2    0    0    0
   2    0    0    0
   2    0    0    0
   2    0    0    0
   2    0    0    0
   2    0    0    0
   2    0    0    0
   2    0    0    0
   2    0    0    0
   2    0    0    0
   2    0    0    0
   2    0    0    0
   2    0    0    0
   2    0    0    0
   2    0    0    0
   2    0    0    0
   2    0    0    0
   2    0    0    0
   2    0    0    0
   2    0    0    0
   2    0    0    0
   2    0    0    0
   2    0    0    0
   2    0    0    0
   2    0    0    0
   2    0    0    0
   2    0    0    0
   2    0    0    0
   2    0    0    0
   2    0    0    0
   2    0    0    0
   2    0    0    0
   2    0    0    0
   2    0    0    0
   2    0    0    0
   2    0    0    0
   2    0    0    0
   2    0    0    0
   2    0    0    0
   2    0    0    0
   2    0    0    0
   2    0    0    0
   2    0    0    0
   2    0    0    0
   2    0    0    0
   2    0    0    0
   2    0    0    0
   2    0    0    0
   2    0    0    0
   2    0    0    0
   2    0    0    0
   2    0    0    0
   2    0    0    0
   2    0    0    0
   2    0    0    0
   2    0    0    0
   2    0    0    0
   2    0    0    0
   2    0    0    0
   2    0    0    0
   2    0    0    0
   2    0    0    0
   2    0    0    0
   2    0    0    0
   2    0    0    0
   2    0    0    0
   2    0    0    0
   2    0    0    0
   2    0    0    0
   2    0    0    0
   2    0    0    0
   2    0    0    0
   2    0    0    0
   2    0    0    0
   2    0    0    0
   2    0    0    0
   2    0    0    0
   2    0    0    0
   2    0    0    0
   2    0    0    0
   2    0    0    0
   2    0    0    0
   2    0    0    0
   2    0    0    0
   2    0    0    0
   2    0    0    0
   2    0    0    0
   2    0    0    0
   2    0    0    0
   2    0    0    0
   2    0    0    0
   2    0    0    0
   2    0    0    0
   2    0    0    0
   2    0    0    0
   2    0    0    0
   2    0    0    0
   2    0    0    0
   2    0    0    0
   2    0    0    0
   2    0    0    0
   2    0    0    0
   2    0    0    0
   2    0    0    0
   2    0    0    0
   2    0    0    0
   2    0    0    0
   2    0    0    0
   2    0    0    0
   2    0    0    0
   2    0    0    0
   2    0    0    0
   2    0    0    0
   2    0    0    0
   2    0    0    0
   2    0    0    0
   2    0    0    0
   2    0    0    0
   2    0    0    0
   2    0    0    0
   2    0    0    0
   2    0    0    0
   2    0    0    0
   2    0    0    0
   2    0    0    0
   2    0    0    0
   2    0    0    0
   2    0    0    0
   2    0    0    0
   2    0    0    0
   2    0    0    0
   2    0    0    0
   2    0    0    0
   2    0    0    0
   2    0    0    0
   2    0    0    0
   2    0    0    0
   2    0    0    0
   2    0    0    0
   2    0    0    0
   2    0    0    0
   2    0    0    0
   2    0    0    0
   2    0    0    0
   2    0    0    0
   2    0    0    0
   2    0    0    0
   2    0    0    0
   2    0    0    0
   2    0    0    0
   2    0    0    0
   2    0    0    0
   2    0    0    0
   2    0    0    0
   2    0    0    0
   2    0    0    0
   2    0    0    0
   2    0    0    0
   2    0    0    0
   2    0    0    0
   2    0    0    0
   2    0    0    0
   2    0    0    0
   2    0    0    0
   2    0    0    0
   2    0    0    0
   2    0    0    0
   2    0    0    0
   2    0    0    0
   2    0    0    0

 0 0 0 0    .... footer bytes
 27   [ 21 ]  28   [ 20 ]    tell says: 10980 
 28   [ 22 ] 
 14   [type identifier]   tell says: 10990 
204   [Number of vertices]
   2    0    0    0
   2    0    0    0
   2    0    0    0
   2    0    0    0
   2    0    0    0
   2    0    0    0
   2    0    0    0
   2    0    0    0
   2    0    0    0
   2    0    0    0
   2    0    0    0
   2    0    0    0
   2    0    0    0
   2    0    0    0
   2    0    0    0
   2    0    0    0
   2    0    0    0
   2    0    0    0
   2    0    0    0
   2    0    0    0
   2    0    0    0
   2    0    0    0
   2    0    0    0
   2    0    0    0
   2    0    0    0
   2    0    0    0
   2    0    0    0
   2    0    0    0
   2    0    0    0
   2    0    0    0
   2    0    0    0
   2    0    0    0
   2    0    0    0
   2    0    0    0
   2    0    0    0
   2    0    0    0
   2    0    0    0
   2    0    0    0
   2    0    0    0
   2    0    0    0
   2    0    0    0
   2    0    0    0
   2    0    0    0
   2    0    0    0
   2    0    0    0
   2    0    0    0
   2    0    0    0
   2    0    0    0
   2    0    0    0
   2    0    0    0
   2    0    0    0
   2    0    0    0
   2    0    0    0
   2    0    0    0
   2    0    0    0
   2    0    0    0
   2    0    0    0
   2    0    0    0
   2    0    0    0
   2    0    0    0
   2    0    0    0
   2    0    0    0
   2    0    0    0
   2    0    0    0
   2    0    0    0
   2    0    0    0
   2    0    0    0
   2    0    0    0
   2    0    0    0
   2    0    0    0
   2    0    0    0
   2    0    0    0
   2    0    0    0
   2    0    0    0
   2    0    0    0
   2    0    0    0
   2    0    0    0
   2    0    0    0
   2    0    0    0
   2    0    0    0
   2    0    0    0
   2    0    0    0
   2    0    0    0
   2    0    0    0
   2    0    0    0
   2    0    0    0
   2    0    0    0
   2    0    0    0
   2    0    0    0
   2    0    0    0
   2    0    0    0
   2    0    0    0
   2    0    0    0
   2    0    0    0
   2    0    0    0
   2    0    0    0
   2    0    0    0
   2    0    0    0
   2    0    0    0
   2    0    0    0
   2    0    0    0
   2    0    0    0
   2    0    0    0
   2    0    0    0
   2    0    0    0
   2    0    0    0
   2    0    0    0
   2    0    0    0
   2    0    0    0
   2    0    0    0
   2    0    0    0
   2    0    0    0
   2    0    0    0
   2    0    0    0
   2    0    0    0
   2    0    0    0
   2    0    0    0
   2    0    0    0
   2    0    0    0
   2    0    0    0
   2    0    0    0
   2    0    0    0
   2    0    0    0
   2    0    0    0
   2    0    0    0
   2    0    0    0
   2    0    0    0
   2    0    0    0
   2    0    0    0
   2    0    0    0
   2    0    0    0
   2    0    0    0
   2    0    0    0
   2    0    0    0
   2    0    0    0
   2    0    0    0
   2    0    0    0
   2    0    0    0
   2    0    0    0
   2    0    0    0
   2    0    0    0
   2    0    0    0
   2    0    0    0
   2    0    0    0
   2    0    0    0
   2    0    0    0
   2    0    0    0
   2    0    0    0
   2    0    0    0
   2    0    0    0
   2    0    0    0
   2    0    0    0
   2    0    0    0
   2    0    0    0
   2    0    0    0
   2    0    0    0
   2    0    0    0
   2    0    0    0
   2    0    0    0
   2    0    0    0
   2    0    0    0
   2    0    0    0
   2    0    0    0
   2    0    0    0
   2    0    0    0
   2    0    0    0
   2    0    0    0
   2    0    0    0
   2    0    0    0
   2    0    0    0
   2    0    0    0
   2    0    0    0
   2    0    0    0
   2    0    0    0
   2    0    0    0
   2    0    0    0
   2    0    0    0
   2    0    0    0
   2    0    0    0
   2    0    0    0
   2    0    0    0
   2    0    0    0
   2    0    0    0
   2    0    0    0
   2    0    0    0
   2    0    0    0
   2    0    0    0
   2    0    0    0
   2    0    0    0
   2    0    0    0
   2    0    0    0
   2    0    0    0
   2    0    0    0
   2    0    0    0
   2    0    0    0
   2    0    0    0
   2    0    0    0
   2    0    0    0
   2    0    0    0
   2    0    0    0
   2    0    0    0
   2    0    0    0
   2    0    0    0
   2    0    0    0

 0 0 0 0    .... footer bytes
 27   [ 23 ]  28   [ 22 ]    tell says: 11826 
 28   [ 24 ] 
 2   [type identifier]   tell says: 11836 
204   [Number of vertices]
   0    0    0    0
   0    0    0    0
   0    0    0    0
   0    0    0    0
   0    0    0    0
   0    0    0    0
   0    0    0    0
   0    0    0    0
   0    0    0    0
   0    0    0    0
   0    0    0    0
   0    0    0    0
   0    0    0    0
   0    0    0    0
   0    0    0    0
   0    0    0    0
   0    0    0    0
   0    0    0    0
   0    0    0    0
   0    0    0    0
   0    0    0    0
   0    0    0    0
   0    0    0    0
   0    0    0    0
   0    0    0    0
   0    0    0    0
   0    0    0    0
   0    0    0    0
   0    0    0    0
   0    0    0    0
   0    0    0    0
   0    0    0    0
   0    0    0    0
   0    0    0    0
   0    0    0    0
   0    0    0    0
   0    0    0    0
   0    0    0    0
   0    0    0    0
   0    0    0    0
   0    0    0    0
   0    0    0    0
   0    0    0    0
   0    0    0    0
   0    0    0    0
   0    0    0    0
   0    0    0    0
   0    0    0    0
   0    0    0    0
   0    0    0    0
   0    0    0    0
   0    0    0    0
   0    0    0    0
   0    0    0    0
   0    0    0    0
   0    0    0    0
   0    0    0    0
   0    0    0    0
   0    0    0    0
   0    0    0    0
   0    0    0    0
   0    0    0    0
   0    0    0    0
   0    0    0    0
   0    0    0    0
   0    0    0    0
   0    0    0    0
   0    0    0    0
   0    0    0    0
   0    0    0    0
   0    0    0    0
   0    0    0    0
   0    0    0    0
   0    0    0    0
   0    0    0    0
   0    0    0    0
   0    0    0    0
   0    0    0    0
   0    0    0    0
   0    0    0    0
   0    0    0    0
   0    0    0    0
   0    0    0    0
   0    0    0    0
   0    0    1    0
   0    0    1    0
   0    0    1    0
   0    0    1    0
   0    0    1    0
   0    0    1    0
   0    0    1    0
   0    0    1    0
   0    0    1    0
   0    0    1    0
   0    0    1    0
   0    0    1    0
   0    0    1    0
   0    0    1    0
   0    0    1    0
   0    0    1    0
   0    0    1    0
   0    0    1    0
   0    0    1    0
   0    0    1    0
   0    0    1    0
   0    0    1    0
   0    0    1    0
   0    0    1    0
   0    0    1    0
   0    0    1    0
   0    0    1    0
   0    0    1    0
   0    0    1    0
   0    0    1    0
   0    0    1    0
   0    0    1    0
   0    0    1    0
   0    0    1    0
   0    0    1    0
   0    0    1    0
   0    0    1    0
   0    0    1    0
   0    0    1    0
   0    0    1    0
   0    0    1    0
   0    0    1    0
   0    0    1    0
   0    0    1    0
   0    0    1    0
   0    0    1    0
   0    0    1    0
   0    0    1    0
   0    0    1    0
   0    0    1    0
   0    0    1    0
   0    0    1    0
   0    0    1    0
   0    0    1    0
   0    0    1    0
   0    0    1    0
   0    0    1    0
   0    0    1    0
   0    0    1    0
   0    0    1    0
   0    0    1    0
   0    0    1    0
   0    0    1    0
   0    0    1    0
   0    0    1    0
   0    0    1    0
   0    0    1    0
   0    0    1    0
   0    0    1    0
   0    0    1    0
   0    0    1    0
   0    0    1    0
   0    0    1    0
   0    0    1    0
   0    0    1    0
   0    0    1    0
   0    0    1    0
   0    0    1    0
   0    0    1    0
   0    0    1    0
   0    0    1    0
   0    0    1    0
   0    0    1    0
   0    0    1    0
   0    0    1    0
   0    0    1    0
   0    0    1    0
   0    0    1    0
   0    0    1    0
   0    0    1    0
   0    0    1    0
   0    0    1    0
   0    0    1    0
   0    0    1    0
   0    0    1    0
   0    0    1    0
   0    0    1    0
   0    0    1    0
   0    0    1    0
   0    0    1    0
   0    0    1    0
   0    0    1    0
   0    0    1    0
   0    0    1    0
   0    0    1    0
   0    0    1    0
   0    0    1    0
   0    0    1    0
   0    0    1    0
   0    0    1    0
   0    0    1    0
   0    0    1    0
   0    0    1    0
   0    0    1    0
   0    0    1    0
   0    0    1    0
   0    0    1    0
   0    0    1    0
   0    0    1    0
   0    0    1    0

 0 0 0 0    .... footer bytes
 27   [ 25 ]  28   [ 24 ]    tell says: 12672 
 0 0 0 ....zeroes
 -0.00011065  0.02661763  1.49189293  6.56325054    tell says: 12698 
 0 ....zeroes   tell says: 12702 
0   [Number of bonestrings]
 3   1 0 [ 26 ]  4   [ 1 ] 
 0      .....pad
1   [number of textures]
 0      .....pad
 38   1 4 [ 27 ] 
19 buildingskinnedlod0
17
41 BlockSet/Textures/osgiliath_walls.texture
48 BlockSet/Textures/osgiliath_walls_normal.texture
Expected 15 integer zeroes
 0  0  0  0  0  0  0  0  0  0  0  0  0  0  0 
constant three integers 4, 1 and 3
 4  1  3
variable 4 bytes
18 192 63  0 

 4
255 255 255 255 
255 255 255 255 
255 255 255 255 
255 255 255 255 

 9
 0  0  0  0 
 0  0  0  0 
 0  0  0  0 
 0  0  0  0 
 0  0  0  0 
 0  0  0  0 
 0  0  0  0 
 0  0  0  0 
 0  0  0  0 

 8
  2
   0    short pad .....
   0  0 128 63  0  0  0  0  0  0  0  0  0  0  0  0  0  0  0  0  0  0 128 63  0  0  0  0  0  0  0  0
  2
   0  0 128 63  0  0  0  0  0  0  0  0  0  0  0  0  0  0  0  0  0  0 128 63  0  0  0  0  0  0  0  0
  2
   0  0 128 63  0  0  0  0  0  0  0  0  0  0  0  0  0  0  0  0  0  0 128 63  0  0  0  0  0  0  0  0
  2
   0  0 128 63  0  0  0  0  0  0  0  0  0  0  0  0  0  0  0  0  0  0 128 63  0  0  0  0  0  0  0  0
  2
   0  0 128 63  0  0  0  0  0  0  0  0  0  0  0  0  0  0  0  0  0  0 128 63  0  0  0  0  0  0  0  0
  2
   0  0 128 63  0  0  0  0  0  0  0  0  0  0  0  0  0  0  0  0  0  0 128 63  0  0  0  0  0  0  0  0
  2
   0  0 128 63  0  0  0  0  0  0  0  0  0  0  0  0  0  0  0  0  0  0 128 63  0  0  0  0  0  0  0  0
  2
   0  0 128 63  0  0  0  0  0  0  0  0  0  0  0  0  0  0  0  0  0  0 128 63  0  0  0  0  0  0  0  0
 37   1 0 [ 28 ]  38   [ 27 ]    tell says: 13304 
complex binding sphere    tell says: 13304
-0.00011 +0.02662 +1.49189 +6.56325    tell says: 13320 

