 4   1 3 [ 1 ] 
 0      .....pad
 7   1 0 [ 2 ] 
 0      .....pad
1   [Number of trianglegroups]
 0      .....pad
 11   1 3 [ 3 ] 
 0
 0
 0      .....pad
 128 ...number of triangles    tell says: 97 
   81     82     83
   82     81     80
   76     77     79
   78     77     76
   73     75     72
   74     73     72
   68     69     71
   70     69     68
   65     67     64
   66     65     64
   62     63     54
   55     62     54
   27     62     55
   61     62     27
   59     61     27
   60     59     27
   24     27     55
   26     27     24
   25     26     24
   57     24     55
   58     57     55
   56     55     54
   18     53     52
   52     51     18
   50     49     42
   49     44     42
   49     21     44
   49     48     21
   48     47     21
   47     46     21
   21     16     44
   21     20     16
   20     19     16
   16     17     44
   17     45     44
   44     43     42
   40     23     22
   22     41     40
   38     39     15
   15      7     38
   36     37     14
   14      6     36
   34     35     13
   13      5     34
   32     33     12
   12      4     32
   30     31     11
   11      3     30
   28     29     10
   10      2     28
    0      8      9
    9      1      0
  203    202    201
  200    199    198
  195    196    197
  196    195    194
  190    193    192
  192    191    190
  187    189    186
  188    187    186
  185    182    183
  184    183    182
  179    181    178
  180    179    178
  174    175    177
  176    175    174
  171    173    170
  172    171    170
  169    168    167
  166    165    164
  116    123    153
  118    122    117
  163    121    162
  115    119    120
  157    119    115
  162    119    157
  117    119    162
  122    119    117
  121    117    162
  159    161    153
  158    159    153
  160    159    158
  123    158    153
  120    116    153
  115    120    153
  154    115    153
  156    115    154
  157    115    156
  155    154    153
  114    104    140
  113    109    105
  112    152    151
  110    103    111
  110    144    103
  110    151    144
  110    105    151
  110    113    105
  105    112    151
  108    150    149
  149    106    108
  148    147    140
  147    145    140
  147    146    145
  145    114    140
  104    111    140
  111    103    140
  103    142    140
  103    143    142
  103    144    143
  142    141    140
  107    102    139
  139    138    107
  136     92    101
  101    137    136
  134     91    100
  100    135    134
  132     90     99
   99    133    132
  130     89     98
   98    131    130
  128     88     97
   97    129    128
  126     87     96
   96    127    126
  124     86     95
   95    125    124
   84     85     94
   94     93     84
 0 ...groupflag    tell says: 869 
 0 0 0 0 0    .... first time bytes
 10   1 0 [ 4 ]  11   [ 3 ] 
 6   1 0 [ 5 ]  7   [ 2 ] 
204   [Number of vertices]
 0      .....pad
2   [Number of floatpairgroups]
 0      .....pad
 18   1 0 [ 6 ] 
 4   [type identifier]   tell says: 926 
 0      .....pad
204   [Number of vertices]
   0.3750001      0.6894314
   0.3750001      0.6708953
   0.3750001      0.6416552
   0.3750001      0.6202474
   0.3750001      0.7050956
   0.3750001      0.6907368
   0.3750001      0.6601914
   0.3750001      0.5369655
   0.3593750      0.6894314
   0.3593750      0.6708953
   0.3593750      0.6416552
   0.3593750      0.6202474
   0.3593750      0.7050956
   0.3593750      0.6907368
   0.3593750      0.6601914
   0.3593751      0.5369655
   0.3663626      0.6843586
   0.3752421      0.6840808
   0.3593751      0.6781474
   0.3666000      0.7200009
   0.3611669      0.7229836
   0.3563351      0.7169742
   0.3750001      0.6171274
   0.3593750      0.6173024
   0.3663626      0.6843586
   0.3666000      0.7200009
   0.3611669      0.7229836
   0.3563351      0.7169742
   0.3750001      0.6708953
   0.3593750      0.6708953
   0.3750001      0.6416552
   0.3593750      0.6416552
   0.3750001      0.7223264
   0.3593750      0.7223264
   0.3750001      0.7050956
   0.3593750      0.7050956
   0.3750001      0.6907368
   0.3593750      0.6907368
   0.3750001      0.6601914
   0.3593750      0.6601914
   0.3593750      0.6883872
   0.3750001      0.6883872
   0.3065993      0.5643780
   0.3280072      0.5476694
   0.3572472      0.5372266
   0.3757833      0.5367044
   0.3559289      0.7499449
   0.2846692      0.7497389
   0.2836249      0.6265131
   0.2880632      0.5959677
   0.2940678      0.5816087
   0.3750000      0.6840808
   0.3750001      0.5367044
   0.3593751      0.5367044
   0.3065993      0.5643780
   0.3572472      0.5372266
   0.3280072      0.5476694
   0.3752421      0.6840808
   0.3757833      0.5367044
   0.2846692      0.7497389
   0.3559289      0.7499449
   0.2836249      0.6265131
   0.2880632      0.5959677
   0.2940678      0.5816087
   0.3750000      0.6576157
   0.3593750      0.6905858
   0.3750000      0.6905863
   0.3593750      0.6576151
   0.3593750      0.6576157
   0.3750000      0.6636245
   0.3750000      0.6576151
   0.3593750      0.6636251
   0.3660855      0.6498415
   0.3716936      0.6654665
   0.3715186      0.6498415
   0.3662604      0.6654665
   0.3750000      0.6606424
   0.3593750      0.6249995
   0.3593750      0.6606418
   0.3750000      0.6250000
   0.3663229      0.6498415
   0.3574434      0.6498415
   0.3664979      0.6654665
   0.3576184      0.6654665
   0.3750001      0.6894314
   0.3750001      0.6708953
   0.3750001      0.6416552
   0.3750001      0.6202474
   0.3750001      0.7050956
   0.3750001      0.6907368
   0.3750001      0.6601914
   0.3750001      0.5369655
   0.3750001      0.5980563
   0.3593750      0.6894314
   0.3593750      0.6708953
   0.3593750      0.6416552
   0.3593750      0.6202474
   0.3593750      0.7050956
   0.3593750      0.6907368
   0.3593750      0.6601914
   0.3593751      0.5369655
   0.3593750      0.5980563
   0.3750001      0.6334710
   0.3420248      0.6484689
   0.3667198      0.6373810
   0.3669020      0.6641883
   0.3750000      0.6643988
   0.3593751      0.6332210
   0.3593751      0.6649775
   0.3668338      0.6541593
   0.3556650      0.6544337
   0.3555856      0.6423801
   0.3706925      0.6642832
   0.3606403      0.6543115
   0.3709194      0.6354954
   0.3420248      0.6484689
   0.3667198      0.6373810
   0.3669020      0.6641883
   0.3668338      0.6541593
   0.3556650      0.6544337
   0.3555856      0.6423801
   0.3706925      0.6642832
   0.3606403      0.6543115
   0.3709194      0.6354954
   0.3750001      0.6708953
   0.3593750      0.6708953
   0.3750001      0.6416552
   0.3593750      0.6416552
   0.3750001      0.7223264
   0.3593750      0.7223264
   0.3750001      0.7050956
   0.3593750      0.7050956
   0.3750001      0.6907368
   0.3593750      0.6907368
   0.3750001      0.6601914
   0.3593750      0.6601914
   0.3750001      0.6883872
   0.3593750      0.6883872
   0.3593751      0.5367044
   0.3750001      0.5367044
   0.3065993      0.5643780
   0.2940678      0.5816087
   0.2880632      0.5959677
   0.2836249      0.6265131
   0.2846692      0.7497389
   0.3754279      0.6334711
   0.3757833      0.5367044
   0.3572472      0.5372266
   0.3280072      0.5476694
   0.3750000      0.7500000
   0.3593750      0.7500000
   0.3750000      0.7500000
   0.3753144      0.6643989
   0.3065993      0.5643780
   0.2880632      0.5959677
   0.2940678      0.5816087
   0.2836249      0.6265131
   0.2846692      0.7497389
   0.3754279      0.6334711
   0.3572472      0.5372266
   0.3757833      0.5367044
   0.3280072      0.5476694
   0.3750000      0.7500000
   0.3753144      0.6643989
   0.3553517      0.6406250
   0.3599725      0.6250000
   0.3553507      0.6250000
   0.3599725      0.6406250
   0.3599725      0.6250000
   0.3553517      0.6406250
   0.3637631      0.6406250
   0.3599725      0.6250000
   0.3599725      0.6406250
   0.3637631      0.6250000
   0.3729705      0.6479837
   0.3573455      0.6379547
   0.3573455      0.6479837
   0.3729705      0.6379547
   0.3700247      0.6406250
   0.3638312      0.6250000
   0.3638312      0.6406250
   0.3700247      0.6250000
   0.3700247      0.6406250
   0.3750000      0.6250000
   0.3700247      0.6250000
   0.3750000      0.6406250
   0.3729705      0.6261755
   0.3573455      0.6382291
   0.3729705      0.6382291
   0.3573455      0.6261755
   0.3663709      0.6250000
   0.3552366      0.6250000
   0.3552366      0.6406250
   0.3663709      0.6406250
   0.3663709      0.6406250
   0.3705704      0.6406250
   0.3663709      0.6250000
   0.3705704      0.6250000
   0.3750789      0.6250000
   0.3705704      0.6250000
   0.3705704      0.6406250
   0.3750794      0.6406250
   0.3750789      0.6250000
   0.3705704      0.6406250

 0 0 0 0    .... footer bytes
 17   1 0 [ 7 ]  18   [ 6 ] 
 18   [ 8 ] 
 1   [type identifier]   tell says: 2592 
204   [Number of vertices]
   0.0000000      0.0000000
   0.0000000      0.0000000
   0.0000000      0.0000000
   0.0000000      0.0000000
   0.0000000      0.0000000
   0.0000000      0.0000000
   0.0000000      0.0000000
   0.0000000      0.0000000
   0.0000000      0.0000000
   0.0000000      0.0000000
   0.0000000      0.0000000
   0.0000000      0.0000000
   0.0000000      0.0000000
   0.0000000      0.0000000
   0.0000000      0.0000000
   0.0000000      0.0000000
   0.0000000      0.0000000
   0.0000000      0.0000000
   0.0000000      0.0000000
   0.0000000      0.0000000
   0.0000000      0.0000000
   0.0000000      0.0000000
   0.0000000      0.0000000
   0.0000000      0.0000000
   0.0000000      0.0000000
   0.0000000      0.0000000
   0.0000000      0.0000000
   0.0000000      0.0000000
   0.0000000      0.0000000
   0.0000000      0.0000000
   0.0000000      0.0000000
   0.0000000      0.0000000
   0.0000000      0.0000000
   0.0000000      0.0000000
   0.0000000      0.0000000
   0.0000000      0.0000000
   0.0000000      0.0000000
   0.0000000      0.0000000
   0.0000000      0.0000000
   0.0000000      0.0000000
   0.0000000      0.0000000
   0.0000000      0.0000000
   0.0000000      0.0000000
   0.0000000      0.0000000
   0.0000000      0.0000000
   0.0000000      0.0000000
   0.0000000      0.0000000
   0.0000000      0.0000000
   0.0000000      0.0000000
   0.0000000      0.0000000
   0.0000000      0.0000000
   0.0000000      0.0000000
   0.0000000      0.0000000
   0.0000000      0.0000000
   0.0000000      0.0000000
   0.0000000      0.0000000
   0.0000000      0.0000000
   0.0000000      0.0000000
   0.0000000      0.0000000
   0.0000000      0.0000000
   0.0000000      0.0000000
   0.0000000      0.0000000
   0.0000000      0.0000000
   0.0000000      0.0000000
   0.0000000      0.0000000
   0.0000000      0.0000000
   0.0000000      0.0000000
   0.0000000      0.0000000
   0.0000000      0.0000000
   0.0000000      0.0000000
   0.0000000      0.0000000
   0.0000000      0.0000000
   0.0000000      0.0000000
   0.0000000      0.0000000
   0.0000000      0.0000000
   0.0000000      0.0000000
   0.0000000      0.0000000
   0.0000000      0.0000000
   0.0000000      0.0000000
   0.0000000      0.0000000
   0.0000000      0.0000000
   0.0000000      0.0000000
   0.0000000      0.0000000
   0.0000000      0.0000000
   0.0000000      0.0000000
   0.0000000      0.0000000
   0.0000000      0.0000000
   0.0000000      0.0000000
   0.0000000      0.0000000
   0.0000000      0.0000000
   0.0000000      0.0000000
   0.0000000      0.0000000
   0.0000000      0.0000000
   0.0000000      0.0000000
   0.0000000      0.0000000
   0.0000000      0.0000000
   0.0000000      0.0000000
   0.0000000      0.0000000
   0.0000000      0.0000000
   0.0000000      0.0000000
   0.0000000      0.0000000
   0.0000000      0.0000000
   0.0000000      0.0000000
   0.0000000      0.0000000
   0.0000000      0.0000000
   0.0000000      0.0000000
   0.0000000      0.0000000
   0.0000000      0.0000000
   0.0000000      0.0000000
   0.0000000      0.0000000
   0.0000000      0.0000000
   0.0000000      0.0000000
   0.0000000      0.0000000
   0.0000000      0.0000000
   0.0000000      0.0000000
   0.0000000      0.0000000
   0.0000000      0.0000000
   0.0000000      0.0000000
   0.0000000      0.0000000
   0.0000000      0.0000000
   0.0000000      0.0000000
   0.0000000      0.0000000
   0.0000000      0.0000000
   0.0000000      0.0000000
   0.0000000      0.0000000
   0.0000000      0.0000000
   0.0000000      0.0000000
   0.0000000      0.0000000
   0.0000000      0.0000000
   0.0000000      0.0000000
   0.0000000      0.0000000
   0.0000000      0.0000000
   0.0000000      0.0000000
   0.0000000      0.0000000
   0.0000000      0.0000000
   0.0000000      0.0000000
   0.0000000      0.0000000
   0.0000000      0.0000000
   0.0000000      0.0000000
   0.0000000      0.0000000
   0.0000000      0.0000000
   0.0000000      0.0000000
   0.0000000      0.0000000
   0.0000000      0.0000000
   0.0000000      0.0000000
   0.0000000      0.0000000
   0.0000000      0.0000000
   0.0000000      0.0000000
   0.0000000      0.0000000
   0.0000000      0.0000000
   0.0000000      0.0000000
   0.0000000      0.0000000
   0.0000000      0.0000000
   0.0000000      0.0000000
   0.0000000      0.0000000
   0.0000000      0.0000000
   0.0000000      0.0000000
   0.0000000      0.0000000
   0.0000000      0.0000000
   0.0000000      0.0000000
   0.0000000      0.0000000
   0.0000000      0.0000000
   0.0000000      0.0000000
   0.0000000      0.0000000
   0.0000000      0.0000000
   0.0000000      0.0000000
   0.0000000      0.0000000
   0.0000000      0.0000000
   0.0000000      0.0000000
   0.0000000      0.0000000
   0.0000000      0.0000000
   0.0000000      0.0000000
   0.0000000      0.0000000
   0.0000000      0.0000000
   0.0000000      0.0000000
   0.0000000      0.0000000
   0.0000000      0.0000000
   0.0000000      0.0000000
   0.0000000      0.0000000
   0.0000000      0.0000000
   0.0000000      0.0000000
   0.0000000      0.0000000
   0.0000000      0.0000000
   0.0000000      0.0000000
   0.0000000      0.0000000
   0.0000000      0.0000000
   0.0000000      0.0000000
   0.0000000      0.0000000
   0.0000000      0.0000000
   0.0000000      0.0000000
   0.0000000      0.0000000
   0.0000000      0.0000000
   0.0000000      0.0000000
   0.0000000      0.0000000
   0.0000000      0.0000000
   0.0000000      0.0000000
   0.0000000      0.0000000
   0.0000000      0.0000000
   0.0000000      0.0000000
   0.0000000      0.0000000
   0.0000000      0.0000000
   0.0000000      0.0000000
   0.0000000      0.0000000
   0.0000000      0.0000000

 0 0 0 0    .... footer bytes
 17   [ 9 ]  18   [ 8 ] 
 0      .....pad
1   [Number of floattriplesgroups]
 0      .....pad
 23   1 0 [ 10 ] 
 0   [type identifier]   tell says: 4264 
 0      .....pad
204   [Number of vertices]
  -0.0086065      3.4127254      0.1411376
  -0.6017613      3.3960166      0.1411376
  -1.5374422      3.0618448      0.1411376
  -2.2224941      2.5271704      0.1411376
  -2.6235006      1.9757869      0.1411376
  -2.8156495      1.5163007      0.1411376
  -2.9576726      0.5388477      0.1411376
  -2.9242551     -3.4043787      0.1411377
  -0.0114059      3.4127338     -0.1411382
  -0.6045608      3.3960252     -0.1411382
  -1.5402416      3.0618534     -0.1411382
  -2.2252936      2.5271788     -0.1411382
  -2.6263001      1.9757953     -0.1411380
  -2.8184488      1.5163090     -0.1411380
  -2.9604719      0.5388563     -0.1411380
  -2.9270546     -3.4043701     -0.1411380
  -0.3100677     -1.3122078      0.1411377
  -0.0259236     -1.3033204      0.1411377
  -0.0315225     -1.3033034     -0.1411380
  -0.3024690     -2.4527631      0.1411377
  -0.4763302     -2.5482099      0.1411377
  -0.6309475     -2.3559084      0.1411377
  -0.6439452     -3.4109697      0.1411377
  -0.6495441     -3.4109526     -0.1411380
  -0.3156666     -1.3121908     -0.1411380
  -0.3080679     -2.4527459     -0.1411380
  -0.4819291     -2.5481930     -0.1411380
  -0.6365464     -2.3558915     -0.1411380
  -0.6017613      3.3960166      0.1411376
  -0.6045608      3.3960252     -0.1411382
  -1.5374422      3.0618448      0.1411376
  -1.5402416      3.0618534     -0.1411382
  -2.2224941      2.5271704      0.1411376
  -2.2252936      2.5271788     -0.1411382
  -2.6235006      1.9757869      0.1411376
  -2.6263001      1.9757953     -0.1411380
  -2.8156495      1.5163007      0.1411376
  -2.8184488      1.5163090     -0.1411380
  -2.9576726      0.5388477      0.1411376
  -2.9604719      0.5388563     -0.1411380
  -2.9270546     -3.4043701     -0.1411380
  -2.9242551     -3.4043787      0.1411377
  -2.2224941      2.5271704      0.1411376
  -1.5374422      3.0618448      0.1411376
  -0.6017613      3.3960166      0.1411376
  -0.0086065      3.4127254      0.1411376
  -0.6439452     -3.4109697      0.1411377
  -2.9242551     -3.4043787      0.1411377
  -2.9576726      0.5388477      0.1411376
  -2.8156495      1.5163007      0.1411376
  -2.6235006      1.9757869      0.1411376
  -0.0259236     -1.3033204      0.1411377
  -0.0086065      3.4127254      0.1411376
  -0.0114059      3.4127338     -0.1411382
  -2.2252936      2.5271788     -0.1411382
  -0.6045608      3.3960252     -0.1411382
  -1.5402416      3.0618534     -0.1411382
  -0.0315225     -1.3033034     -0.1411380
  -0.0114059      3.4127338     -0.1411382
  -2.9270546     -3.4043701     -0.1411380
  -0.6495441     -3.4109526     -0.1411380
  -2.9604719      0.5388563     -0.1411380
  -2.8184488      1.5163090     -0.1411380
  -2.6263001      1.9757953     -0.1411380
  -0.6309475     -2.3559084      0.1411377
  -0.6495441     -3.4109526     -0.1411380
  -0.6439452     -3.4109697      0.1411377
  -0.6365464     -2.3558915     -0.1411380
  -0.6309475     -2.3559084      0.1411377
  -0.4819291     -2.5481930     -0.1411380
  -0.6365464     -2.3558915     -0.1411380
  -0.4763302     -2.5482099      0.1411377
  -0.3024690     -2.4527631      0.1411377
  -0.4819291     -2.5481930     -0.1411380
  -0.4763302     -2.5482099      0.1411377
  -0.3080679     -2.4527459     -0.1411380
  -0.3024690     -2.4527631      0.1411377
  -0.3156666     -1.3121908     -0.1411380
  -0.3080679     -2.4527459     -0.1411380
  -0.3100677     -1.3122078      0.1411377
  -0.3100677     -1.3122078      0.1411377
  -0.0259236     -1.3033204      0.1411377
  -0.3156666     -1.3121908     -0.1411380
  -0.0315225     -1.3033034     -0.1411380
   0.0114061      3.4127254      0.1411376
   0.6045610      3.3960166      0.1411376
   1.5402418      3.0618448      0.1411377
   2.2252939      2.5271702      0.1411377
   2.6263001      1.9757867      0.1411377
   2.8184488      1.5163004      0.1411377
   2.9604719      0.5388477      0.1411377
   2.9270549     -3.4043787      0.1411378
   0.0364689     -3.4127331      0.1411378
   0.0114061      3.4127254     -0.1411382
   0.6045610      3.3960166     -0.1411382
   1.5402418      3.0618448     -0.1411382
   2.2252939      2.5271702     -0.1411382
   2.6263001      1.9757867     -0.1411382
   2.8184488      1.5163004     -0.1411382
   2.9604719      0.5388477     -0.1411382
   2.9270549     -3.4043787     -0.1411382
   0.0364689     -3.4127331     -0.1411382
   0.0227764      0.3161931      0.1411377
   1.0916761     -0.1637369      0.1411377
   0.3014354      0.1910767      0.1411377
   0.2956071     -0.6667585      0.1411377
   0.0264105     -0.6734973      0.1411377
   0.0227617      0.3201944     -0.1411382
   0.0264445     -0.6827548     -0.1411382
   0.2977875     -0.3458320      0.1411377
   0.6551886     -0.3546121      0.1411377
   0.6577297      0.0311024      0.1411377
   0.1743101     -0.5821726      0.1411377
   0.4959799     -0.2609135      0.1411377
   0.1670488      0.1904488      0.1411377
   1.0916761     -0.1637369     -0.1411380
   0.3014354      0.1910767     -0.1411380
   0.2956071     -0.6667585     -0.1411380
   0.2977875     -0.3458320     -0.1411380
   0.6551886     -0.3546121     -0.1411380
   0.6577297      0.0311024     -0.1411380
   0.1743101     -0.5821726     -0.1411380
   0.4959799     -0.2609135     -0.1411380
   0.1670488      0.1904488     -0.1411380
   0.6045610      3.3960166      0.1411376
   0.6045610      3.3960166     -0.1411382
   1.5402418      3.0618448      0.1411377
   1.5402418      3.0618448     -0.1411382
   2.2252939      2.5271702      0.1411377
   2.2252939      2.5271702     -0.1411382
   2.6263001      1.9757867      0.1411377
   2.6263001      1.9757867     -0.1411382
   2.8184488      1.5163004      0.1411377
   2.8184488      1.5163004     -0.1411382
   2.9604719      0.5388477      0.1411377
   2.9604719      0.5388477     -0.1411382
   2.9270549     -3.4043787      0.1411378
   2.9270549     -3.4043787     -0.1411382
   0.0114061      3.4127254     -0.1411382
   0.0114061      3.4127254      0.1411376
   2.2252939      2.5271702      0.1411377
   2.6263001      1.9757867      0.1411377
   2.8184488      1.5163004      0.1411377
   2.9604719      0.5388477      0.1411377
   2.9270549     -3.4043787      0.1411378
   0.0227764      0.3161931      0.1411377
   0.0114061      3.4127254      0.1411376
   0.6045610      3.3960166      0.1411376
   1.5402418      3.0618448      0.1411377
   0.0364689     -3.4127331      0.1411378
   0.0364689     -3.4127331     -0.1411382
   0.0364689     -3.4127331      0.1411378
   0.0264105     -0.6734973      0.1411377
   2.2252939      2.5271702     -0.1411382
   2.8184488      1.5163004     -0.1411382
   2.6263001      1.9757867     -0.1411382
   2.9604719      0.5388477     -0.1411382
   2.9270549     -3.4043787     -0.1411382
   0.0227617      0.3201944     -0.1411382
   0.6045610      3.3960166     -0.1411382
   0.0114061      3.4127254     -0.1411382
   1.5402418      3.0618448     -0.1411382
   0.0364689     -3.4127331     -0.1411382
   0.0264445     -0.6827548     -0.1411382
   0.0264445     -0.6827548     -0.1411382
   0.1743101     -0.5821726      0.1411377
   0.0264105     -0.6734973      0.1411377
   0.1743101     -0.5821726     -0.1411380
   0.1743101     -0.5821726      0.1411377
   0.0264445     -0.6827548     -0.1411382
   0.2956071     -0.6667585     -0.1411380
   0.1743101     -0.5821726      0.1411377
   0.1743101     -0.5821726     -0.1411380
   0.2956071     -0.6667585      0.1411377
   0.2956071     -0.6667585     -0.1411380
   0.2977875     -0.3458320      0.1411377
   0.2956071     -0.6667585      0.1411377
   0.2977875     -0.3458320     -0.1411380
   0.4959799     -0.2609135     -0.1411380
   0.2977875     -0.3458320      0.1411377
   0.2977875     -0.3458320     -0.1411380
   0.4959799     -0.2609135      0.1411377
   0.4959799     -0.2609135     -0.1411380
   0.6551886     -0.3546121      0.1411377
   0.4959799     -0.2609135      0.1411377
   0.6551886     -0.3546121     -0.1411380
   0.6577297      0.0311024     -0.1411380
   0.6551886     -0.3546121      0.1411377
   0.6551886     -0.3546121     -0.1411380
   0.6577297      0.0311024      0.1411377
   0.3014354      0.1910767      0.1411377
   0.6577297      0.0311024      0.1411377
   0.6577297      0.0311024     -0.1411380
   0.3014354      0.1910767     -0.1411380
   0.3014354      0.1910767     -0.1411380
   0.1670488      0.1904488     -0.1411380
   0.3014354      0.1910767      0.1411377
   0.1670488      0.1904488      0.1411377
   0.0227764      0.3161931      0.1411377
   0.1670488      0.1904488      0.1411377
   0.1670488      0.1904488     -0.1411380
   0.0227617      0.3201944     -0.1411382
   0.0227764      0.3161931      0.1411377
   0.1670488      0.1904488     -0.1411380

 0 0 0 0    .... footer bytes
 22   1 0 [ 11 ]  23   [ 10 ] 
 0      .....pad
7   [Number of bytequadgroups]
 0      .....pad
 28   1 0 [ 12 ] 
 3   [type identifier]   tell says: 6756 
 0      .....pad
204   [Number of vertices]
 127  254  123    0
 127  254  123    0
 127  247   84    0
 128  228   49    0
 128  202   24    0
 128  176    9    0
 128  145    1    0
 128  126    0    0
 127  254  123    0
 127  254  123    0
 127  247   84    0
 128  228   49    0
 128  202   24    0
 128  176    9    0
 128  145    1    0
 128  126    0    0
 255  127  127    0
 255  127  127    0
 125  126  254    0
 255  127  127    0
 255  127  127    0
 255  127  127    0
 127    0  127    0
 127    0  127    0
   0  127  127    0
   0  127  127    0
   0  127  127    0
   0  127  127    0
 127  247   84    0
 127  247   84    0
 128  228   49    0
 128  228   49    0
 128  202   24    0
 128  202   24    0
 128  176    9    0
 128  176    9    0
 128  145    1    0
 128  145    1    0
 128  126    0    0
 128  126    0    0
 127    0  127    0
 127    0  127    0
 255  127  127    0
 255  127  127    0
 255  127  127    0
 255  127  127    0
 255  127  127    0
 255  127  127    0
 255  127  127    0
 255  127  127    0
 255  127  127    0
 124  127  254    0
 125  126  254    0
 126  126  254    0
   0  127  127    0
   0  127  127    0
   0  127  127    0
   0  127  127    0
   0  127  127    0
   0  127  127    0
   0  127  127    0
   0  127  127    0
   0  127  127    0
   0  127  127    0
 124  125  254    0
 124  125  254    0
 124  125  254    0
 124  125  254    0
 129   47   28    0
 129   47   28    0
 129   47   28    0
 129   47   28    0
 126   15  188    0
 126   15  188    0
 126   15  188    0
 126   15  188    0
 124  128  254    0
 124  128  254    0
 124  128  254    0
 124  128  254    0
 127    0  131    0
 127    0  131    0
 127    0  131    0
 127    0  131    0
 127  254  131    0
 127  254  131    0
 127  247  170    0
 127  228  205    0
 127  202  230    0
 127  176  245    0
 127  145  253    0
 127  126  254    0
 127    0  127    0
 127  254  131    0
 127  254  131    0
 127  247  170    0
 127  228  205    0
 127  202  230    0
 127  176  245    0
 127  145  253    0
 127  126  254    0
 127    0  127    0
 127  127    0    0
 255  127  127    0
 255  127  127    0
 255  127  127    0
 127  127    0    0
 127  127    0    0
 127  127    0    0
 255  127  127    0
 255  127  127    0
 255  127  127    0
 255  127  127    0
 255  127  127    0
 255  127  127    0
   0  127  127    0
   0  127  127    0
   0  127  127    0
   0  127  127    0
   0  127  127    0
   0  127  127    0
   0  127  127    0
   0  127  127    0
   0  127  127    0
 127  247  170    0
 127  247  170    0
 127  228  205    0
 127  228  205    0
 127  202  230    0
 127  202  230    0
 127  176  245    0
 127  176  245    0
 127  145  253    0
 127  145  253    0
 127  126  254    0
 127  126  254    0
 127    0  127    0
 127    0  127    0
 127  127    0    0
 127  127    0    0
 255  127  127    0
 255  127  127    0
 255  127  127    0
 255  127  127    0
 255  127  127    0
 255  127  127    0
 255  127  127    0
 255  127  127    0
 255  127  127    0
 127  127    0    0
 127  127    0    0
 255  127  127    0
 255  127  127    0
   0  127  127    0
   0  127  127    0
   0  127  127    0
   0  127  127    0
   0  127  127    0
   0  127  127    0
   0  127  127    0
   0  127  127    0
   0  127  127    0
   0  127  127    0
   0  127  127    0
 123  235   60    0
 123  235   60    0
 123  235   60    0
 127  232   55    0
 127  232   55    0
 127  232   55    0
 127  232  200    0
 127  232  200    0
 127  232  200    0
 127  232  200    0
 127  128    0    0
 127  128    0    0
 127  128    0    0
 127  128    0    0
 127  244   77    0
 127  244   77    0
 127  244   77    0
 127  244   77    0
 127  237  192    0
 127  237  192    0
 127  237  192    0
 127  237  192    0
 127  128    0    0
 127  128    0    0
 127  128    0    0
 127  128    0    0
 127   11   75    0
 127   11   75    0
 127   11   75    0
 127   11   75    0
 127    0  128    0
 127    0  128    0
 127    0  128    0
 127    0  128    0
 127   31   43    0
 127   31   43    0
 127   31   43    0
 126   32   42    0
 126   32   42    0
 126   32   42    0

 0 0 0 0    .... footer bytes
 27   1 0 [ 13 ]  28   [ 12 ]    tell says: 7596 
 28   [ 14 ] 
 10   [type identifier]   tell says: 7606 
204   [Number of vertices]
   0  127  126    0
   0  127  126    0
   0  127  126    0
   0  127  126    0
   0  127  126    0
   0  127  126    0
   0  127  126    0
   0  127  126    0
   0  127  126    0
   0  127  126    0
   0  127  126    0
   0  127  126    0
   0  127  126    0
   0  127  126    0
   0  127  126    0
   0  127  126    0
 127  127    0    0
 127  127    0    0
   5   90  125    0
 127  127    0    0
 127  127    0    0
 127  127    0    0
   0  127  126    0
   0  127  127    0
 127  127    0    0
 127  127    0    0
 127  127    0    0
 127  127    0    0
   0  127  126    0
   0  127  126    0
   0  127  126    0
   0  127  126    0
   0  127  126    0
   0  127  126    0
   0  127  126    0
   0  127  126    0
   0  127  126    0
   0  127  126    0
   0  127  126    0
   0  127  126    0
   0  127  126    0
   0  127  126    0
 127  127    0    0
 127  127    0    0
 127  127    0    0
 127  127    0    0
 127  127    0    0
 127  127    0    0
 127  127    0    0
 127  127    0    0
 127  127    0    0
  21   56  125    0
   5   90  125    0
   0  127  126    0
 127  127    0    0
 127  127    0    0
 127  127    0    0
 127  127    0    0
 127  127    0    0
 127  127    0    0
 127  127    0    0
 127  127    0    0
 127  127    0    0
 127  127    0    0
   0  127  124    0
   0  127  124    0
   0  127  124    0
   0  127  124    0
 254  127  130    0
 254  127  130    0
 254  127  130    0
 254  127  130    0
 127  188  239    0
 127  188  239    0
 127  188  239    0
 127  188  239    0
   0  127  124    0
   0  127  124    0
   0  127  124    0
   0  127  124    0
 127  131  254    0
 127  131  254    0
 127  131  254    0
 127  131  254    0
   0  127  127    0
   0  127  127    0
   0  127  127    0
   0  127  127    0
   0  127  127    0
   0  127  127    0
   0  127  127    0
   0  127  127    0
   0  127  127    0
   0  127  127    0
   0  127  127    0
   0  127  127    0
   0  127  127    0
   0  127  127    0
   0  127  127    0
   0  127  127    0
   0  127  127    0
   0  127  127    0
   0  125  127    0
 127  127  255    0
 127  147  253    0
 127  104  252    0
   0  131  127    0
   0  126  127    0
   0  129  127    0
 127  180  243    0
 127  114  254    0
 127  127  255    0
 127  121  254    0
 127  122  254    0
 127  129  254    0
 127  127  255    0
 127  147  253    0
 127  104  252    0
 127  180  243    0
 127  114  254    0
 127  127  255    0
 127  124  254    0
 127  122  254    0
 127  128  254    0
   0  127  127    0
   0  127  127    0
   0  127  127    0
   0  127  127    0
   0  127  127    0
   0  127  127    0
   0  127  127    0
   0  127  127    0
   0  127  127    0
   0  127  127    0
   0  127  127    0
   0  127  127    0
   0  127  127    0
   0  127  127    0
   0  127  127    0
   0  126  127    0
 127  128  254    0
 127  127  255    0
 127  127  255    0
 127  127  255    0
 127  127  255    0
 127  115  254    0
 127  127  255    0
 127  127  255    0
 127  127  255    0
   0  129  127    0
   0  127  127    0
 127  124  254    0
 127  192  237    0
 127  127  254    0
 127  127  255    0
 127  127  255    0
 127  127  255    0
 127  127  255    0
 127  114  254    0
 127  127  255    0
 127  127  255    0
 127  127  255    0
 127  126  254    0
 127  197  234    0
 127   60   19    0
 127   60   19    0
 127   60   19    0
 127   55   22    0
 127   55   22    0
 127   55   22    0
 127  200   22    0
 127  200   22    0
 127  200   22    0
 127  200   22    0
 255  127  127    0
 255  127  127    0
 255  127  127    0
 255  127  127    0
 127   77   10    0
 127   77   10    0
 127   77   10    0
 127   77   10    0
 127  192   17    0
 127  192   17    0
 127  192   17    0
 127  192   17    0
 255  127  127    0
 255  127  127    0
 255  127  127    0
 255  127  127    0
 127   75  243    0
 127   75  243    0
 127   75  243    0
 127   75  243    0
 127  128  254    0
 127  128  254    0
 127  128  254    0
 127  128  254    0
 127   43  223    0
 127   43  223    0
 127   43  223    0
 127   42  222    0
 127   42  222    0
 127   42  222    0

 0 0 0 0    .... footer bytes
 27   [ 15 ]  28   [ 14 ]    tell says: 8442 
 28   [ 16 ] 
 8   [type identifier]   tell says: 8452 
204   [Number of vertices]
   0    0    0  255
   0    0    0  255
   0    0    0  255
   0    0    0  255
   0    0    0  255
   0    0    0  255
   0    0    0  255
   0    0    0  255
   0    0    0  255
   0    0    0  255
   0    0    0  255
   0    0    0  255
   0    0    0  255
   0    0    0  255
   0    0    0  255
   0    0    0  255
   0    0    0  255
   0    0    0  255
   0    0    0  255
   0    0    0  255
   0    0    0  255
   0    0    0  255
   0    0    0  255
   0    0    0  255
   0    0    0  255
   0    0    0  255
   0    0    0  255
   0    0    0  255
   0    0    0  255
   0    0    0  255
   0    0    0  255
   0    0    0  255
   0    0    0  255
   0    0    0  255
   0    0    0  255
   0    0    0  255
   0    0    0  255
   0    0    0  255
   0    0    0  255
   0    0    0  255
   0    0    0  255
   0    0    0  255
   0    0    0  255
   0    0    0  255
   0    0    0  255
   0    0    0  255
   0    0    0  255
   0    0    0  255
   0    0    0  255
   0    0    0  255
   0    0    0  255
   0    0    0  255
   0    0    0  255
   0    0    0  255
   0    0    0  255
   0    0    0  255
   0    0    0  255
   0    0    0  255
   0    0    0  255
   0    0    0  255
   0    0    0  255
   0    0    0  255
   0    0    0  255
   0    0    0  255
   0    0    0  255
   0    0    0  255
   0    0    0  255
   0    0    0  255
   0    0    0  255
   0    0    0  255
   0    0    0  255
   0    0    0  255
   0    0    0  255
   0    0    0  255
   0    0    0  255
   0    0    0  255
   0    0    0  255
   0    0    0  255
   0    0    0  255
   0    0    0  255
   0    0    0  255
   0    0    0  255
   0    0    0  255
   0    0    0  255
   0    0    0  255
   0    0    0  255
   0    0    0  255
   0    0    0  255
   0    0    0  255
   0    0    0  255
   0    0    0  255
   0    0    0  255
   0    0    0  255
   0    0    0  255
   0    0    0  255
   0    0    0  255
   0    0    0  255
   0    0    0  255
   0    0    0  255
   0    0    0  255
   0    0    0  255
   0    0    0  255
   0    0    0  255
   0    0    0  255
   0    0    0  255
   0    0    0  255
   0    0    0  255
   0    0    0  255
   0    0    0  255
   0    0    0  255
   0    0    0  255
   0    0    0  255
   0    0    0  255
   0    0    0  255
   0    0    0  255
   0    0    0  255
   0    0    0  255
   0    0    0  255
   0    0    0  255
   0    0    0  255
   0    0    0  255
   0    0    0  255
   0    0    0  255
   0    0    0  255
   0    0    0  255
   0    0    0  255
   0    0    0  255
   0    0    0  255
   0    0    0  255
   0    0    0  255
   0    0    0  255
   0    0    0  255
   0    0    0  255
   0    0    0  255
   0    0    0  255
   0    0    0  255
   0    0    0  255
   0    0    0  255
   0    0    0  255
   0    0    0  255
   0    0    0  255
   0    0    0  255
   0    0    0  255
   0    0    0  255
   0    0    0  255
   0    0    0  255
   0    0    0  255
   0    0    0  255
   0    0    0  255
   0    0    0  255
   0    0    0  255
   0    0    0  255
   0    0    0  255
   0    0    0  255
   0    0    0  255
   0    0    0  255
   0    0    0  255
   0    0    0  255
   0    0    0  255
   0    0    0  255
   0    0    0  255
   0    0    0  255
   0    0    0  255
   0    0    0  255
   0    0    0  255
   0    0    0  255
   0    0    0  255
   0    0    0  255
   0    0    0  255
   0    0    0  255
   0    0    0  255
   0    0    0  255
   0    0    0  255
   0    0    0  255
   0    0    0  255
   0    0    0  255
   0    0    0  255
   0    0    0  255
   0    0    0  255
   0    0    0  255
   0    0    0  255
   0    0    0  255
   0    0    0  255
   0    0    0  255
   0    0    0  255
   0    0    0  255
   0    0    0  255
   0    0    0  255
   0    0    0  255
   0    0    0  255
   0    0    0  255
   0    0    0  255
   0    0    0  255
   0    0    0  255
   0    0    0  255
   0    0    0  255
   0    0    0  255
   0    0    0  255
   0    0    0  255
   0    0    0  255
   0    0    0  255
   0    0    0  255
   0    0    0  255
   0    0    0  255

 0 0 0 0    .... footer bytes
 27   [ 17 ]  28   [ 16 ]    tell says: 9288 
 28   [ 18 ] 
 9   [type identifier]   tell says: 9298 
204   [Number of vertices]
   0    0    0    0
   0    0    0    0
   0    0    0    0
   0    0    0    0
   0    0    0    0
   0    0    0    0
   0    0    0    0
   0    0    0    0
   0    0    0    0
   0    0    0    0
   0    0    0    0
   0    0    0    0
   0    0    0    0
   0    0    0    0
   0    0    0    0
   0    0    0    0
   0    0    0    0
   0    0    0    0
   0    0    0    0
   0    0    0    0
   0    0    0    0
   0    0    0    0
   0    0    0    0
   0    0    0    0
   0    0    0    0
   0    0    0    0
   0    0    0    0
   0    0    0    0
   0    0    0    0
   0    0    0    0
   0    0    0    0
   0    0    0    0
   0    0    0    0
   0    0    0    0
   0    0    0    0
   0    0    0    0
   0    0    0    0
   0    0    0    0
   0    0    0    0
   0    0    0    0
   0    0    0    0
   0    0    0    0
   0    0    0    0
   0    0    0    0
   0    0    0    0
   0    0    0    0
   0    0    0    0
   0    0    0    0
   0    0    0    0
   0    0    0    0
   0    0    0    0
   0    0    0    0
   0    0    0    0
   0    0    0    0
   0    0    0    0
   0    0    0    0
   0    0    0    0
   0    0    0    0
   0    0    0    0
   0    0    0    0
   0    0    0    0
   0    0    0    0
   0    0    0    0
   0    0    0    0
   0    0    0    0
   0    0    0    0
   0    0    0    0
   0    0    0    0
   0    0    0    0
   0    0    0    0
   0    0    0    0
   0    0    0    0
   0    0    0    0
   0    0    0    0
   0    0    0    0
   0    0    0    0
   0    0    0    0
   0    0    0    0
   0    0    0    0
   0    0    0    0
   0    0    0    0
   0    0    0    0
   0    0    0    0
   0    0    0    0
   0    0    0    0
   0    0    0    0
   0    0    0    0
   0    0    0    0
   0    0    0    0
   0    0    0    0
   0    0    0    0
   0    0    0    0
   0    0    0    0
   0    0    0    0
   0    0    0    0
   0    0    0    0
   0    0    0    0
   0    0    0    0
   0    0    0    0
   0    0    0    0
   0    0    0    0
   0    0    0    0
   0    0    0    0
   0    0    0    0
   0    0    0    0
   0    0    0    0
   0    0    0    0
   0    0    0    0
   0    0    0    0
   0    0    0    0
   0    0    0    0
   0    0    0    0
   0    0    0    0
   0    0    0    0
   0    0    0    0
   0    0    0    0
   0    0    0    0
   0    0    0    0
   0    0    0    0
   0    0    0    0
   0    0    0    0
   0    0    0    0
   0    0    0    0
   0    0    0    0
   0    0    0    0
   0    0    0    0
   0    0    0    0
   0    0    0    0
   0    0    0    0
   0    0    0    0
   0    0    0    0
   0    0    0    0
   0    0    0    0
   0    0    0    0
   0    0    0    0
   0    0    0    0
   0    0    0    0
   0    0    0    0
   0    0    0    0
   0    0    0    0
   0    0    0    0
   0    0    0    0
   0    0    0    0
   0    0    0    0
   0    0    0    0
   0    0    0    0
   0    0    0    0
   0    0    0    0
   0    0    0    0
   0    0    0    0
   0    0    0    0
   0    0    0    0
   0    0    0    0
   0    0    0    0
   0    0    0    0
   0    0    0    0
   0    0    0    0
   0    0    0    0
   0    0    0    0
   0    0    0    0
   0    0    0    0
   0    0    0    0
   0    0    0    0
   0    0    0    0
   0    0    0    0
   0    0    0    0
   0    0    0    0
   0    0    0    0
   0    0    0    0
   0    0    0    0
   0    0    0    0
   0    0    0    0
   0    0    0    0
   0    0    0    0
   0    0    0    0
   0    0    0    0
   0    0    0    0
   0    0    0    0
   0    0    0    0
   0    0    0    0
   0    0    0    0
   0    0    0    0
   0    0    0    0
   0    0    0    0
   0    0    0    0
   0    0    0    0
   0    0    0    0
   0    0    0    0
   0    0    0    0
   0    0    0    0
   0    0    0    0
   0    0    0    0
   0    0    0    0
   0    0    0    0
   0    0    0    0
   0    0    0    0
   0    0    0    0
   0    0    0    0
   0    0    0    0
   0    0    0    0
   0    0    0    0
   0    0    0    0
   0    0    0    0
   0    0    0    0

 0 0 0 0    .... footer bytes
 27   [ 19 ]  28   [ 18 ]    tell says: 10134 
 28   [ 20 ] 
 13   [type identifier]   tell says: 10144 
204   [Number of vertices]
   2    0    0    0
   2    0    0    0
   2    0    0    0
   2    0    0    0
   2    0    0    0
   2    0    0    0
   2    0    0    0
   2    0    0    0
   2    0    0    0
   2    0    0    0
   2    0    0    0
   2    0    0    0
   2    0    0    0
   2    0    0    0
   2    0    0    0
   2    0    0    0
   2    0    0    0
   2    0    0    0
   2    0    0    0
   2    0    0    0
   2    0    0    0
   2    0    0    0
   2    0    0    0
   2    0    0    0
   2    0    0    0
   2    0    0    0
   2    0    0    0
   2    0    0    0
   2    0    0    0
   2    0    0    0
   2    0    0    0
   2    0    0    0
   2    0    0    0
   2    0    0    0
   2    0    0    0
   2    0    0    0
   2    0    0    0
   2    0    0    0
   2    0    0    0
   2    0    0    0
   2    0    0    0
   2    0    0    0
   2    0    0    0
   2    0    0    0
   2    0    0    0
   2    0    0    0
   2    0    0    0
   2    0    0    0
   2    0    0    0
   2    0    0    0
   2    0    0    0
   2    0    0    0
   2    0    0    0
   2    0    0    0
   2    0    0    0
   2    0    0    0
   2    0    0    0
   2    0    0    0
   2    0    0    0
   2    0    0    0
   2    0    0    0
   2    0    0    0
   2    0    0    0
   2    0    0    0
   2    0    0    0
   2    0    0    0
   2    0    0    0
   2    0    0    0
   2    0    0    0
   2    0    0    0
   2    0    0    0
   2    0    0    0
   2    0    0    0
   2    0    0    0
   2    0    0    0
   2    0    0    0
   2    0    0    0
   2    0    0    0
   2    0    0    0
   2    0    0    0
   2    0    0    0
   2    0    0    0
   2    0    0    0
   2    0    0    0
   2    0    0    0
   2    0    0    0
   2    0    0    0
   2    0    0    0
   2    0    0    0
   2    0    0    0
   2    0    0    0
   2    0    0    0
   2    0    0    0
   2    0    0    0
   2    0    0    0
   2    0    0    0
   2    0    0    0
   2    0    0    0
   2    0    0    0
   2    0    0    0
   2    0    0    0
   2    0    0    0
   2    0    0    0
   2    0    0    0
   2    0    0    0
   2    0    0    0
   2    0    0    0
   2    0    0    0
   2    0    0    0
   2    0    0    0
   2    0    0    0
   2    0    0    0
   2    0    0    0
   2    0    0    0
   2    0    0    0
   2    0    0    0
   2    0    0    0
   2    0    0    0
   2    0    0    0
   2    0    0    0
   2    0    0    0
   2    0    0    0
   2    0    0    0
   2    0    0    0
   2    0    0    0
   2    0    0    0
   2    0    0    0
   2    0    0    0
   2    0    0    0
   2    0    0    0
   2    0    0    0
   2    0    0    0
   2    0    0    0
   2    0    0    0
   2    0    0    0
   2    0    0    0
   2    0    0    0
   2    0    0    0
   2    0    0    0
   2    0    0    0
   2    0    0    0
   2    0    0    0
   2    0    0    0
   2    0    0    0
   2    0    0    0
   2    0    0    0
   2    0    0    0
   2    0    0    0
   2    0    0    0
   2    0    0    0
   2    0    0    0
   2    0    0    0
   2    0    0    0
   2    0    0    0
   2    0    0    0
   2    0    0    0
   2    0    0    0
   2    0    0    0
   2    0    0    0
   2    0    0    0
   2    0    0    0
   2    0    0    0
   2    0    0    0
   2    0    0    0
   2    0    0    0
   2    0    0    0
   2    0    0    0
   2    0    0    0
   2    0    0    0
   2    0    0    0
   2    0    0    0
   2    0    0    0
   2    0    0    0
   2    0    0    0
   2    0    0    0
   2    0    0    0
   2    0    0    0
   2    0    0    0
   2    0    0    0
   2    0    0    0
   2    0    0    0
   2    0    0    0
   2    0    0    0
   2    0    0    0
   2    0    0    0
   2    0    0    0
   2    0    0    0
   2    0    0    0
   2    0    0    0
   2    0    0    0
   2    0    0    0
   2    0    0    0
   2    0    0    0
   2    0    0    0
   2    0    0    0
   2    0    0    0
   2    0    0    0
   2    0    0    0
   2    0    0    0
   2    0    0    0
   2    0    0    0
   2    0    0    0
   2    0    0    0
   2    0    0    0

 0 0 0 0    .... footer bytes
 27   [ 21 ]  28   [ 20 ]    tell says: 10980 
 28   [ 22 ] 
 14   [type identifier]   tell says: 10990 
204   [Number of vertices]
   2    0    0    0
   2    0    0    0
   2    0    0    0
   2    0    0    0
   2    0    0    0
   2    0    0    0
   2    0    0    0
   2    0    0    0
   2    0    0    0
   2    0    0    0
   2    0    0    0
   2    0    0    0
   2    0    0    0
   2    0    0    0
   2    0    0    0
   2    0    0    0
   2    0    0    0
   2    0    0    0
   2    0    0    0
   2    0    0    0
   2    0    0    0
   2    0    0    0
   2    0    0    0
   2    0    0    0
   2    0    0    0
   2    0    0    0
   2    0    0    0
   2    0    0    0
   2    0    0    0
   2    0    0    0
   2    0    0    0
   2    0    0    0
   2    0    0    0
   2    0    0    0
   2    0    0    0
   2    0    0    0
   2    0    0    0
   2    0    0    0
   2    0    0    0
   2    0    0    0
   2    0    0    0
   2    0    0    0
   2    0    0    0
   2    0    0    0
   2    0    0    0
   2    0    0    0
   2    0    0    0
   2    0    0    0
   2    0    0    0
   2    0    0    0
   2    0    0    0
   2    0    0    0
   2    0    0    0
   2    0    0    0
   2    0    0    0
   2    0    0    0
   2    0    0    0
   2    0    0    0
   2    0    0    0
   2    0    0    0
   2    0    0    0
   2    0    0    0
   2    0    0    0
   2    0    0    0
   2    0    0    0
   2    0    0    0
   2    0    0    0
   2    0    0    0
   2    0    0    0
   2    0    0    0
   2    0    0    0
   2    0    0    0
   2    0    0    0
   2    0    0    0
   2    0    0    0
   2    0    0    0
   2    0    0    0
   2    0    0    0
   2    0    0    0
   2    0    0    0
   2    0    0    0
   2    0    0    0
   2    0    0    0
   2    0    0    0
   2    0    0    0
   2    0    0    0
   2    0    0    0
   2    0    0    0
   2    0    0    0
   2    0    0    0
   2    0    0    0
   2    0    0    0
   2    0    0    0
   2    0    0    0
   2    0    0    0
   2    0    0    0
   2    0    0    0
   2    0    0    0
   2    0    0    0
   2    0    0    0
   2    0    0    0
   2    0    0    0
   2    0    0    0
   2    0    0    0
   2    0    0    0
   2    0    0    0
   2    0    0    0
   2    0    0    0
   2    0    0    0
   2    0    0    0
   2    0    0    0
   2    0    0    0
   2    0    0    0
   2    0    0    0
   2    0    0    0
   2    0    0    0
   2    0    0    0
   2    0    0    0
   2    0    0    0
   2    0    0    0
   2    0    0    0
   2    0    0    0
   2    0    0    0
   2    0    0    0
   2    0    0    0
   2    0    0    0
   2    0    0    0
   2    0    0    0
   2    0    0    0
   2    0    0    0
   2    0    0    0
   2    0    0    0
   2    0    0    0
   2    0    0    0
   2    0    0    0
   2    0    0    0
   2    0    0    0
   2    0    0    0
   2    0    0    0
   2    0    0    0
   2    0    0    0
   2    0    0    0
   2    0    0    0
   2    0    0    0
   2    0    0    0
   2    0    0    0
   2    0    0    0
   2    0    0    0
   2    0    0    0
   2    0    0    0
   2    0    0    0
   2    0    0    0
   2    0    0    0
   2    0    0    0
   2    0    0    0
   2    0    0    0
   2    0    0    0
   2    0    0    0
   2    0    0    0
   2    0    0    0
   2    0    0    0
   2    0    0    0
   2    0    0    0
   2    0    0    0
   2    0    0    0
   2    0    0    0
   2    0    0    0
   2    0    0    0
   2    0    0    0
   2    0    0    0
   2    0    0    0
   2    0    0    0
   2    0    0    0
   2    0    0    0
   2    0    0    0
   2    0    0    0
   2    0    0    0
   2    0    0    0
   2    0    0    0
   2    0    0    0
   2    0    0    0
   2    0    0    0
   2    0    0    0
   2    0    0    0
   2    0    0    0
   2    0    0    0
   2    0    0    0
   2    0    0    0
   2    0    0    0
   2    0    0    0
   2    0    0    0
   2    0    0    0
   2    0    0    0
   2    0    0    0
   2    0    0    0
   2    0    0    0
   2    0    0    0
   2    0    0    0
   2    0    0    0
   2    0    0    0
   2    0    0    0
   2    0    0    0
   2    0    0    0
   2    0    0    0

 0 0 0 0    .... footer bytes
 27   [ 23 ]  28   [ 22 ]    tell says: 11826 
 28   [ 24 ] 
 2   [type identifier]   tell says: 11836 
204   [Number of vertices]
   0    0    0    0
   0    0    0    0
   0    0    0    0
   0    0    0    0
   0    0    0    0
   0    0    0    0
   0    0    0    0
   0    0    0    0
   0    0    0    0
   0    0    0    0
   0    0    0    0
   0    0    0    0
   0    0    0    0
   0    0    0    0
   0    0    0    0
   0    0    0    0
   0    0    0    0
   0    0    0    0
   0    0    0    0
   0    0    0    0
   0    0    0    0
   0    0    0    0
   0    0    0    0
   0    0    0    0
   0    0    0    0
   0    0    0    0
   0    0    0    0
   0    0    0    0
   0    0    0    0
   0    0    0    0
   0    0    0    0
   0    0    0    0
   0    0    0    0
   0    0    0    0
   0    0    0    0
   0    0    0    0
   0    0    0    0
   0    0    0    0
   0    0    0    0
   0    0    0    0
   0    0    0    0
   0    0    0    0
   0    0    0    0
   0    0    0    0
   0    0    0    0
   0    0    0    0
   0    0    0    0
   0    0    0    0
   0    0    0    0
   0    0    0    0
   0    0    0    0
   0    0    0    0
   0    0    0    0
   0    0    0    0
   0    0    0    0
   0    0    0    0
   0    0    0    0
   0    0    0    0
   0    0    0    0
   0    0    0    0
   0    0    0    0
   0    0    0    0
   0    0    0    0
   0    0    0    0
   0    0    0    0
   0    0    0    0
   0    0    0    0
   0    0    0    0
   0    0    0    0
   0    0    0    0
   0    0    0    0
   0    0    0    0
   0    0    0    0
   0    0    0    0
   0    0    0    0
   0    0    0    0
   0    0    0    0
   0    0    0    0
   0    0    0    0
   0    0    0    0
   0    0    0    0
   0    0    0    0
   0    0    0    0
   0    0    0    0
   0    0    1    0
   0    0    1    0
   0    0    1    0
   0    0    1    0
   0    0    1    0
   0    0    1    0
   0    0    1    0
   0    0    1    0
   0    0    1    0
   0    0    1    0
   0    0    1    0
   0    0    1    0
   0    0    1    0
   0    0    1    0
   0    0    1    0
   0    0    1    0
   0    0    1    0
   0    0    1    0
   0    0    1    0
   0    0    1    0
   0    0    1    0
   0    0    1    0
   0    0    1    0
   0    0    1    0
   0    0    1    0
   0    0    1    0
   0    0    1    0
   0    0    1    0
   0    0    1    0
   0    0    1    0
   0    0    1    0
   0    0    1    0
   0    0    1    0
   0    0    1    0
   0    0    1    0
   0    0    1    0
   0    0    1    0
   0    0    1    0
   0    0    1    0
   0    0    1    0
   0    0    1    0
   0    0    1    0
   0    0    1    0
   0    0    1    0
   0    0    1    0
   0    0    1    0
   0    0    1    0
   0    0    1    0
   0    0    1    0
   0    0    1    0
   0    0    1    0
   0    0    1    0
   0    0    1    0
   0    0    1    0
   0    0    1    0
   0    0    1    0
   0    0    1    0
   0    0    1    0
   0    0    1    0
   0    0    1    0
   0    0    1    0
   0    0    1    0
   0    0    1    0
   0    0    1    0
   0    0    1    0
   0    0    1    0
   0    0    1    0
   0    0    1    0
   0    0    1    0
   0    0    1    0
   0    0    1    0
   0    0    1    0
   0    0    1    0
   0    0    1    0
   0    0    1    0
   0    0    1    0
   0    0    1    0
   0    0    1    0
   0    0    1    0
   0    0    1    0
   0    0    1    0
   0    0    1    0
   0    0    1    0
   0    0    1    0
   0    0    1    0
   0    0    1    0
   0    0    1    0
   0    0    1    0
   0    0    1    0
   0    0    1    0
   0    0    1    0
   0    0    1    0
   0    0    1    0
   0    0    1    0
   0    0    1    0
   0    0    1    0
   0    0    1    0
   0    0    1    0
   0    0    1    0
   0    0    1    0
   0    0    1    0
   0    0    1    0
   0    0    1    0
   0    0    1    0
   0    0    1    0
   0    0    1    0
   0    0    1    0
   0    0    1    0
   0    0    1    0
   0    0    1    0
   0    0    1    0
   0    0    1    0
   0    0    1    0
   0    0    1    0
   0    0    1    0
   0    0    1    0
   0    0    1    0
   0    0    1    0
   0    0    1    0
   0    0    1    0

 0 0 0 0    .... footer bytes
 27   [ 25 ]  28   [ 24 ]    tell says: 12672 
 0 0 0 ....zeroes
 0.65111685  -0.15418944  0.03020944  4.83697701    tell says: 12698 
 0 ....zeroes   tell says: 12702 
0   [Number of bonestrings]
 3   1 0 [ 26 ]  4   [ 1 ] 
 0      .....pad
1   [number of textures]
 0      .....pad
 38   1 4 [ 27 ] 
19 buildingskinnedlod0
17
41 BlockSet/Textures/osgiliath_walls.texture
48 BlockSet/Textures/osgiliath_walls_normal.texture
Expected 15 integer zeroes
 0  0  0  0  0  0  0  0  0  0  0  0  0  0  0 
constant three integers 4, 1 and 3
 4  1  3
variable 4 bytes
18 192 63  0 

 4
255 255 255 255 
255 255 255 255 
255 255 255 255 
255 255 255 255 

 9
 0  0  0  0 
 0  0  0  0 
 0  0  0  0 
 0  0  0  0 
 0  0  0  0 
 0  0  0  0 
 0  0  0  0 
 0  0  0  0 
 0  0  0  0 

 8
  2
   0    short pad .....
   0  0 128 63  0  0  0  0  0  0  0  0  0  0  0  0  0  0  0  0  0  0 128 63  0  0  0  0  0  0  0  0
  2
   0  0 128 63  0  0  0  0  0  0  0  0  0  0  0  0  0  0  0  0  0  0 128 63  0  0  0  0  0  0  0  0
  2
   0  0 128 63  0  0  0  0  0  0  0  0  0  0  0  0  0  0  0  0  0  0 128 63  0  0  0  0  0  0  0  0
  2
   0  0 128 63  0  0  0  0  0  0  0  0  0  0  0  0  0  0  0  0  0  0 128 63  0  0  0  0  0  0  0  0
  2
   0  0 128 63  0  0  0  0  0  0  0  0  0  0  0  0  0  0  0  0  0  0 128 63  0  0  0  0  0  0  0  0
  2
   0  0 128 63  0  0  0  0  0  0  0  0  0  0  0  0  0  0  0  0  0  0 128 63  0  0  0  0  0  0  0  0
  2
   0  0 128 63  0  0  0  0  0  0  0  0  0  0  0  0  0  0  0  0  0  0 128 63  0  0  0  0  0  0  0  0
  2
   0  0 128 63  0  0  0  0  0  0  0  0  0  0  0  0  0  0  0  0  0  0 128 63  0  0  0  0  0  0  0  0
 37   1 0 [ 28 ]  38   [ 27 ]    tell says: 13304 
complex binding sphere    tell says: 13304
+0.65112 -0.15419 +0.03021 +4.83698    tell says: 13320 

