 4   1 3 [ 1 ] 
 0      .....pad
 7   1 0 [ 2 ] 
 0      .....pad
1   [Number of trianglegroups]
 0      .....pad
 11   1 3 [ 3 ] 
 0
 0
 0      .....pad
 164 ...number of triangles    tell says: 97 
  117    112    116
  116    112    115
  115    112    113
  115    113    114
  113    112    111
  110     42     41
   42    110    109
  108    107    106
  106    107    100
  105    100    104
  106    100    105
  101    100     96
  103    100    102
  104    100    103
  102    100    101
   96    100     94
   96     95     98
   96     98     99
   98     95     97
   95     96     94
   95     94     93
   92     79     80
   82     92     80
   82     80     81
   85     86     87
   82     84     85
   85     87     91
   87     86     40
   90     87     88
   90     88     89
   88     87     40
   84     82     83
   86     85     84
   83     82     81
   80     79     78
   76     38     77
   38     76     71
   74     39     75
   39     74     73
   71     72     38
   72     71     70
   67     68     69
   68     67     66
   65     36     37
   36     65     64
   23     35     34
   35     23     63
   61     34     62
   34     61     23
   59     33     60
   33     59     18
   18     58     33
   58     18     57
   19     56     32
   56     19     55
   20     54     31
   54     20     53
   21     29     30
   29     21     22
   52     51     24
   24     51     26
   24     26     25
   26     51     28
   27     26     28
   17     42      8
   42     17     41
   49     16     50
   16     49      7
   47     15     48
   15     47      6
   46      5     45
   14     45      5
   44      4     43
   13     43      4
    2     12     11
   12      2      3
    2     10      1
   10      2     11
    0     10      9
   10      0      1
  247    245    249
  243    244    248
  247    246    245
  244    243    242
  240    241    239
  240    239    238
  235    237    234
  236    235    234
  233    232    151
  232    144    151
  227    228    231
  230    226    225
  229    228    227
  226    224    225
  225    224    222
  224    223    222
  221    220    219
  218    217    216
  215    214    212
  214    213    212
  210    208    211
  210    209    208
  207    206    204
  206    205    204
  189    154    203
  154    202    203
  160    154    161
  201    153    198
  202    154    200
  154    153    200
  153    201    200
  197    198    153
  199    198    197
  152    197    153
  196    154    160
  195    193    157
  156    155    194
  159    157    193
  191    157    159
  192    157    191
  158    191    159
  188    161    154
  188    190    161
  189    188    154
  150    187    186
  186    185    150
  137    172    184
  183    137    184
  137    147    148
  182    181    136
  137    183    182
  136    137    182
  180    136    181
  180    178    136
  180    179    178
  178    135    136
  137    177    147
  176    138    140
  138    139    140
  140    146    176
  140    174    146
  140    175    174
  174    145    146
  148    173    137
  149    173    148
  173    172    137
  141    142    151
  151    144    141
  143    134    171
  171    170    143
  133    125    169
  169    168    133
  132    124    167
  167    166    132
  131    123    165
  165    164    131
  130    122    163
  163    162    130
  129    121    120
  120    128    129
  128    120    119
  119    127    128
  127    119    118
  118    126    127
 0 ...groupflag    tell says: 1085 
 0 0 0 0 0    .... first time bytes
 10   1 0 [ 4 ]  11   [ 3 ] 
 6   1 0 [ 5 ]  7   [ 2 ] 
250   [Number of vertices]
 0      .....pad
2   [Number of floatpairgroups]
 0      .....pad
 18   1 0 [ 6 ] 
 4   [type identifier]   tell says: 1142 
 0      .....pad
250   [Number of vertices]
   0.2347667      0.8019421
   0.2347666      0.8204782
   0.2347666      0.8497183
   0.2347666      0.8799292
   0.2343750      1.0000000
   0.2347666      0.9658028
   0.2343750      0.8800574
   0.2343750      0.9997389
   0.2347666      0.9857496
   0.2503917      0.8019421
   0.2503917      0.8204782
   0.2503917      0.8497183
   0.2503917      0.8799292
   0.2500000      1.0000000
   0.2503916      0.9658028
   0.2500000      0.8800574
   0.2499999      0.9997389
   0.2503917      0.9857496
   0.2177731      0.8755942
   0.2500941      0.8954543
   0.2177731      0.8848619
   0.2391333      0.9100064
   0.2437674      0.9100064
   0.2177731      0.9199491
   0.2230341      0.9367203
   0.2310753      0.9225972
   0.2365345      0.9356170
   0.2419950      0.9155356
   0.2501936      0.9475338
   0.2436529      0.8943814
   0.2390188      0.8943814
   0.2333981      0.8848619
   0.2344692      0.8954543
   0.2333981      0.8755942
   0.2333981      0.9199491
   0.2333981      0.9367203
   0.2417323      0.9356170
   0.2383900      0.9225972
   0.2500941      0.9475338
   0.2227927      0.9155356
   0.2322472      0.7895374
   0.2503917      0.9600636
   0.2347666      0.9600877
   0.2500000      0.9548177
   0.2343750      0.9548177
   0.2503917      0.9251115
   0.2347666      0.9251115
   0.2343750      0.8522275
   0.2499999      0.8522275
   0.2343750      0.8800574
   0.2500000      0.8800574
   0.2500000      1.0000000
   0.2243140      0.9999635
   0.2177731      0.9102395
   0.2333981      0.9102395
   0.2500941      0.8848619
   0.2344692      0.8848619
   0.2177731      0.8954543
   0.2333981      0.8954543
   0.2177731      0.7876917
   0.2333981      0.7876917
   0.2177731      0.9102395
   0.2333981      0.9102395
   0.2177731      0.9367203
   0.2269802      0.9356170
   0.2236380      0.9225972
   0.2442293      0.9225972
   0.2500941      0.9367203
   0.2294772      0.9225972
   0.2344692      0.9367203
   0.2352248      1.0000000
   0.2353421      0.9475338
   0.2500000      1.0000000
   0.2375448      0.9155356
   0.2408870      0.9356170
   0.2261350      0.9356170
   0.2303225      0.9155356
   0.2450745      0.9155356
   0.0663534      0.9997389
   0.2243381      0.9999635
   0.0661926      0.8800574
   0.0869226      0.8522275
   0.2225881      0.9199491
   0.1276138      0.8250476
   0.1727962      0.8025382
   0.2271543      0.9102395
   0.2030071      0.7942322
   0.2372298      0.8848619
   0.2507833      0.7876917
   0.2504590      0.8755942
   0.2438941      0.8954543
   0.2317196      0.9102395
   0.2230341      0.9367203
   0.2317196      0.9102395
   0.2271543      0.9102395
   0.2372298      0.8848619
   0.2322472      0.7895374
   0.2438941      0.8954543
   0.2504590      0.8755942
   0.2507833      0.7876917
   0.2225881      0.9199491
   0.2030071      0.7942322
   0.1727962      0.8025382
   0.1276138      0.8250476
   0.0869226      0.8522275
   0.0661926      0.8800574
   0.0663534      0.9997389
   0.2230341      0.9367203
   0.2243140      0.9999635
   0.2347666      0.8021030
   0.2503916      0.8021030
   0.2310753      0.9225972
   0.2230341      0.9367203
   0.2365345      0.9356170
   0.2419950      0.9155356
   0.2501936      0.9475338
   0.2500000      1.0000000
   0.2243381      0.9999635
   0.2347667      0.8019421
   0.2347666      0.8204782
   0.2347666      0.8497183
   0.2347666      0.8799292
   0.2343750      1.0000000
   0.2347666      0.9658028
   0.2343750      0.8800574
   0.2343750      0.9997389
   0.2503917      0.8019421
   0.2503917      0.8204782
   0.2503917      0.8497183
   0.2503917      0.8799292
   0.2500000      1.0000000
   0.2503916      0.9658028
   0.2500000      0.8800574
   0.2499999      0.9997389
   0.2343750      0.8740879
   0.2435777      0.8843896
   0.2370751      0.8809339
   0.2371643      0.9117432
   0.2420469      0.9067765
   0.2453780      0.9190250
   0.2449827      0.9470172
   0.1964242      0.9074614
   0.2105858      0.9072571
   0.2500000      0.8725108
   0.1963899      0.9198762
   0.2438191      0.9735318
   0.2373234      0.9595549
   0.2320689      0.9667517
   0.2240514      0.9596944
   0.2236312      0.9999625
   0.2347666      0.9586383
   0.2105511      0.9198762
   0.2435777      0.8843896
   0.2370751      0.8809339
   0.2371643      0.9117432
   0.2420469      0.9067765
   0.2453780      0.9190250
   0.2449827      0.9470172
   0.2438191      0.9735318
   0.2373234      0.9595549
   0.2320689      0.9667517
   0.2240514      0.9596944
   0.2500000      0.9548177
   0.2343750      0.9548177
   0.2503917      0.9251115
   0.2347666      0.9251115
   0.2499999      0.8522275
   0.2343750      0.8522275
   0.2500000      0.8800574
   0.2343750      0.8800574
   0.2500000      0.7876917
   0.2343750      0.7876917
   0.0661926      0.8800574
   0.0663534      0.9997389
   0.2501492      0.9595547
   0.2501950      0.9471398
   0.2371643      0.9117432
   0.2373234      0.9595549
   0.2504645      0.8740879
   0.2507833      0.7876917
   0.2322472      0.7895374
   0.2030071      0.7942322
   0.1727962      0.8025382
   0.1276138      0.8250476
   0.0869226      0.8522275
   0.2503917      0.9593807
   0.2503916      0.8021030
   0.2347666      0.8021030
   0.0663534      0.9997389
   0.0661926      0.8800574
   0.2236312      0.9999625
   0.2501492      0.9595547
   0.2501950      0.9471398
   0.2371643      0.9117432
   0.2449827      0.9470172
   0.2420469      0.9067765
   0.2373234      0.9595549
   0.2504645      0.8740879
   0.2322472      0.7895374
   0.2507833      0.7876917
   0.1727962      0.8025382
   0.2030071      0.7942322
   0.1276138      0.8250476
   0.0869226      0.8522275
   0.1914963      0.8328323
   0.1758713      0.8344095
   0.1758713      0.8447112
   0.1914964      0.8447112
   0.1869079      0.8982904
   0.1869079      0.9139154
   0.1934105      0.9139154
   0.1934105      0.8982904
   0.1914964      0.8412555
   0.1758713      0.8412555
   0.1789245      0.8720647
   0.1943121      0.8720647
   0.2075327      0.8720647
   0.1819715      0.8670981
   0.1921450      0.8720647
   0.1961129      0.8853011
   0.1947186      0.9108623
   0.1998409      0.8994622
   0.2044857      0.8670981
   0.1903245      0.8670981
   0.1928182      0.8793466
   0.2069793      0.8793466
   0.1925223      0.9073387
   0.2034983      0.8792009
   0.2025016      0.8972645
   0.2072256      0.8933625
   0.2066834      0.9073387
   0.1987737      0.8831034
   0.1916513      0.9338534
   0.2058124      0.9338534
   0.2074837      0.9198764
   0.1806448      0.9338534
   0.1948059      0.9338534
   0.1920961      0.9198764
   0.1943611      0.9198764
   0.1789734      0.9198764
   0.1927449      0.9270732
   0.1773572      0.9270732
   0.1967566      0.9124296
   0.2064341      0.9139154
   0.1982884      0.8970419
   0.1758713      0.9200161
   0.1758713      0.9602841
   0.1914964      0.9602835
   0.2064341      0.8982904
   0.1914964      0.9200161

 0 0 0 0    .... footer bytes
 17   1 0 [ 7 ]  18   [ 6 ] 
 18   [ 8 ] 
 1   [type identifier]   tell says: 3176 
250   [Number of vertices]
   0.0000000      0.0000000
   0.0000000      0.0000000
   0.0000000      0.0000000
   0.0000000      0.0000000
   0.0000000      0.0000000
   0.0000000      0.0000000
   0.0000000      0.0000000
   0.0000000      0.0000000
   0.0000000      0.0000000
   0.0000000      0.0000000
   0.0000000      0.0000000
   0.0000000      0.0000000
   0.0000000      0.0000000
   0.0000000      0.0000000
   0.0000000      0.0000000
   0.0000000      0.0000000
   0.0000000      0.0000000
   0.0000000      0.0000000
   0.0000000      0.0000000
   0.0000000      0.0000000
   0.0000000      0.0000000
   0.0000000      0.0000000
   0.0000000      0.0000000
   0.0000000      0.0000000
   0.0000000      0.0000000
   0.0000000      0.0000000
   0.0000000      0.0000000
   0.0000000      0.0000000
   0.0000000      0.0000000
   0.0000000      0.0000000
   0.0000000      0.0000000
   0.0000000      0.0000000
   0.0000000      0.0000000
   0.0000000      0.0000000
   0.0000000      0.0000000
   0.0000000      0.0000000
   0.0000000      0.0000000
   0.0000000      0.0000000
   0.0000000      0.0000000
   0.0000000      0.0000000
   0.0000000      0.0000000
   0.0000000      0.0000000
   0.0000000      0.0000000
   0.0000000      0.0000000
   0.0000000      0.0000000
   0.0000000      0.0000000
   0.0000000      0.0000000
   0.0000000      0.0000000
   0.0000000      0.0000000
   0.0000000      0.0000000
   0.0000000      0.0000000
   0.0000000      0.0000000
   0.0000000      0.0000000
   0.0000000      0.0000000
   0.0000000      0.0000000
   0.0000000      0.0000000
   0.0000000      0.0000000
   0.0000000      0.0000000
   0.0000000      0.0000000
   0.0000000      0.0000000
   0.0000000      0.0000000
   0.0000000      0.0000000
   0.0000000      0.0000000
   0.0000000      0.0000000
   0.0000000      0.0000000
   0.0000000      0.0000000
   0.0000000      0.0000000
   0.0000000      0.0000000
   0.0000000      0.0000000
   0.0000000      0.0000000
   0.0000000      0.0000000
   0.0000000      0.0000000
   0.0000000      0.0000000
   0.0000000      0.0000000
   0.0000000      0.0000000
   0.0000000      0.0000000
   0.0000000      0.0000000
   0.0000000      0.0000000
   0.0000000      0.0000000
   0.0000000      0.0000000
   0.0000000      0.0000000
   0.0000000      0.0000000
   0.0000000      0.0000000
   0.0000000      0.0000000
   0.0000000      0.0000000
   0.0000000      0.0000000
   0.0000000      0.0000000
   0.0000000      0.0000000
   0.0000000      0.0000000
   0.0000000      0.0000000
   0.0000000      0.0000000
   0.0000000      0.0000000
   0.0000000      0.0000000
   0.0000000      0.0000000
   0.0000000      0.0000000
   0.0000000      0.0000000
   0.0000000      0.0000000
   0.0000000      0.0000000
   0.0000000      0.0000000
   0.0000000      0.0000000
   0.0000000      0.0000000
   0.0000000      0.0000000
   0.0000000      0.0000000
   0.0000000      0.0000000
   0.0000000      0.0000000
   0.0000000      0.0000000
   0.0000000      0.0000000
   0.0000000      0.0000000
   0.0000000      0.0000000
   0.0000000      0.0000000
   0.0000000      0.0000000
   0.0000000      0.0000000
   0.0000000      0.0000000
   0.0000000      0.0000000
   0.0000000      0.0000000
   0.0000000      0.0000000
   0.0000000      0.0000000
   0.0000000      0.0000000
   0.0000000      0.0000000
   0.0000000      0.0000000
   0.0000000      0.0000000
   0.0000000      0.0000000
   0.0000000      0.0000000
   0.0000000      0.0000000
   0.0000000      0.0000000
   0.0000000      0.0000000
   0.0000000      0.0000000
   0.0000000      0.0000000
   0.0000000      0.0000000
   0.0000000      0.0000000
   0.0000000      0.0000000
   0.0000000      0.0000000
   0.0000000      0.0000000
   0.0000000      0.0000000
   0.0000000      0.0000000
   0.0000000      0.0000000
   0.0000000      0.0000000
   0.0000000      0.0000000
   0.0000000      0.0000000
   0.0000000      0.0000000
   0.0000000      0.0000000
   0.0000000      0.0000000
   0.0000000      0.0000000
   0.0000000      0.0000000
   0.0000000      0.0000000
   0.0000000      0.0000000
   0.0000000      0.0000000
   0.0000000      0.0000000
   0.0000000      0.0000000
   0.0000000      0.0000000
   0.0000000      0.0000000
   0.0000000      0.0000000
   0.0000000      0.0000000
   0.0000000      0.0000000
   0.0000000      0.0000000
   0.0000000      0.0000000
   0.0000000      0.0000000
   0.0000000      0.0000000
   0.0000000      0.0000000
   0.0000000      0.0000000
   0.0000000      0.0000000
   0.0000000      0.0000000
   0.0000000      0.0000000
   0.0000000      0.0000000
   0.0000000      0.0000000
   0.0000000      0.0000000
   0.0000000      0.0000000
   0.0000000      0.0000000
   0.0000000      0.0000000
   0.0000000      0.0000000
   0.0000000      0.0000000
   0.0000000      0.0000000
   0.0000000      0.0000000
   0.0000000      0.0000000
   0.0000000      0.0000000
   0.0000000      0.0000000
   0.0000000      0.0000000
   0.0000000      0.0000000
   0.0000000      0.0000000
   0.0000000      0.0000000
   0.0000000      0.0000000
   0.0000000      0.0000000
   0.0000000      0.0000000
   0.0000000      0.0000000
   0.0000000      0.0000000
   0.0000000      0.0000000
   0.0000000      0.0000000
   0.0000000      0.0000000
   0.0000000      0.0000000
   0.0000000      0.0000000
   0.0000000      0.0000000
   0.0000000      0.0000000
   0.0000000      0.0000000
   0.0000000      0.0000000
   0.0000000      0.0000000
   0.0000000      0.0000000
   0.0000000      0.0000000
   0.0000000      0.0000000
   0.0000000      0.0000000
   0.0000000      0.0000000
   0.0000000      0.0000000
   0.0000000      0.0000000
   0.0000000      0.0000000
   0.0000000      0.0000000
   0.0000000      0.0000000
   0.0000000      0.0000000
   0.0000000      0.0000000
   0.0000000      0.0000000
   0.0000000      0.0000000
   0.0000000      0.0000000
   0.0000000      0.0000000
   0.0000000      0.0000000
   0.0000000      0.0000000
   0.0000000      0.0000000
   0.0000000      0.0000000
   0.0000000      0.0000000
   0.0000000      0.0000000
   0.0000000      0.0000000
   0.0000000      0.0000000
   0.0000000      0.0000000
   0.0000000      0.0000000
   0.0000000      0.0000000
   0.0000000      0.0000000
   0.0000000      0.0000000
   0.0000000      0.0000000
   0.0000000      0.0000000
   0.0000000      0.0000000
   0.0000000      0.0000000
   0.0000000      0.0000000
   0.0000000      0.0000000
   0.0000000      0.0000000
   0.0000000      0.0000000
   0.0000000      0.0000000
   0.0000000      0.0000000
   0.0000000      0.0000000
   0.0000000      0.0000000
   0.0000000      0.0000000
   0.0000000      0.0000000
   0.0000000      0.0000000
   0.0000000      0.0000000
   0.0000000      0.0000000
   0.0000000      0.0000000
   0.0000000      0.0000000
   0.0000000      0.0000000
   0.0000000      0.0000000
   0.0000000      0.0000000
   0.0000000      0.0000000
   0.0000000      0.0000000
   0.0000000      0.0000000
   0.0000000      0.0000000

 0 0 0 0    .... footer bytes
 17   [ 9 ]  18   [ 8 ] 
 0      .....pad
1   [Number of floattriplesgroups]
 0      .....pad
 23   1 0 [ 10 ] 
 0   [type identifier]   tell says: 5216 
 0      .....pad
250   [Number of vertices]
  -0.0185574      3.3969326      0.1411370
   0.6590423      3.3378718      0.1411370
   1.5947232      3.1876390      0.1411370
   2.5614738      2.9218471      0.1411369
   4.0073085      2.2015438      0.1411369
   5.3094268      1.3317873      0.1411367
   5.9727883      0.4412305      0.1411366
   5.9676409     -3.3885772      0.1411362
   0.0706372     -3.3969316      0.4410607
  -0.0136716      3.3969328     -0.1411391
   0.5794829      3.3378718     -0.1411391
   1.5947232      3.1876390     -0.1411389
   2.5614738      2.9218471     -0.1411390
   4.0073085      2.2015438     -0.1411391
   5.3094268      1.3317873     -0.1411389
   5.9727883      0.4412306     -0.1411391
   5.9676409     -3.3885772     -0.1411393
  -0.0213158     -3.3969316      0.1741373
  -0.0032951      0.5840529     -0.1411392
   0.2067820     -0.0514692     -0.1411393
   0.4256907      0.2874853     -0.1411392
   0.6022295     -0.5245953     -0.1411393
   0.7505228     -0.5245953     -0.1411393
   0.8988157     -0.8353035     -0.1411393
   0.8846925     -1.3719825     -0.1411394
   0.5537980     -0.9200426     -0.0351870
   0.3879054     -1.3366745      0.0251929
   0.2220128     -0.6940719      0.0855730
  -0.0271359     -1.7180139      0.1762557
   0.7468583     -0.5245954      0.1411364
   0.5985654     -0.5245954      0.1411364
   0.4220262      0.2874853      0.1411365
   0.2031174     -0.0514692      0.1411365
  -0.0069593      0.5840528      0.1411365
   0.8951511     -0.8353035      0.1411364
   0.8810280     -1.3719825      0.1411363
   0.4810063     -1.3366745      0.2916986
   0.6468989     -0.9200426      0.2313187
   0.0659646     -1.7180141      0.4427613
   0.3151137     -0.6940719      0.3520787
   0.5794829      3.3378718      0.1411372
   0.8444717     -3.3957629     -0.1411393
   0.8394852     -3.3957644      0.1411363
   2.5614738      2.9218471     -0.1411390
   2.5614738      2.9218471      0.1411369
   4.0073085      2.2015438     -0.1411391
   4.0073085      2.2015438      0.1411369
   5.3094268      1.3317873      0.1411367
   5.3094268      1.3317873     -0.1411389
   5.9727883      0.4412305      0.1411366
   5.9727883      0.4412306     -0.1411391
  -0.0213158     -3.3969316      0.1741373
   0.8444717     -3.3957629     -0.1411393
   0.6022295     -0.5245953     -0.1411393
   0.5985654     -0.5245954      0.1411364
   0.4256907      0.2874853     -0.1411392
   0.4220262      0.2874853      0.1411365
   0.2067820     -0.0514692     -0.1411393
   0.2031174     -0.0514692      0.1411365
  -0.0136716      3.3969328     -0.1411391
  -0.0185574      3.3969326      0.1411370
   0.7505228     -0.5245953     -0.1411393
   0.7468583     -0.5245954      0.1411364
   0.8846925     -1.3719825     -0.1411394
   0.3879054     -1.3366745      0.0251929
   0.5537980     -0.9200426     -0.0351870
   0.5537980     -0.9200426     -0.0351870
   0.8846925     -1.3719825     -0.1411394
   0.6468989     -0.9200426      0.2313187
   0.8810280     -1.3719825      0.1411363
  -0.0213158     -3.3969316      0.1741373
  -0.0271359     -1.7180139      0.1762557
   0.0706372     -3.3969316      0.4410607
   0.2220128     -0.6940719      0.0855730
   0.3879054     -1.3366745      0.0251929
   0.4810063     -1.3366745      0.2916986
   0.2220128     -0.6940719      0.0855730
   0.3151137     -0.6940719      0.3520787
   5.9676409     -3.3885772      0.1411362
   0.8394852     -3.3957644      0.1411363
   5.9727883      0.4412305      0.1411366
   5.3094268      1.3317873      0.1411367
   0.8951511     -0.8353035      0.1411364
   4.0073085      2.2015438      0.1411369
   2.5614738      2.9218471      0.1411369
   0.7468583     -0.5245954      0.1411364
   1.5947232      3.1876390      0.1411370
   0.4220262      0.2874853      0.1411365
  -0.0185574      3.3969326      0.1411370
  -0.0069593      0.5840528      0.1411365
   0.2031174     -0.0514692      0.1411365
   0.5985654     -0.5245954      0.1411364
   0.8810280     -1.3719825      0.1411363
   0.6022295     -0.5245953     -0.1411393
   0.7505228     -0.5245953     -0.1411393
   0.4256907      0.2874853     -0.1411392
   0.5794829      3.3378718     -0.1411391
   0.2067820     -0.0514692     -0.1411393
  -0.0032951      0.5840529     -0.1411392
  -0.0136716      3.3969328     -0.1411391
   0.8988157     -0.8353035     -0.1411393
   1.5947232      3.1876390     -0.1411389
   2.5614738      2.9218471     -0.1411390
   4.0073085      2.2015438     -0.1411391
   5.3094268      1.3317873     -0.1411389
   5.9727883      0.4412306     -0.1411391
   5.9676409     -3.3885772     -0.1411393
   0.8846925     -1.3719825     -0.1411394
   0.8444717     -3.3957629     -0.1411393
   5.9676409     -3.3885772      0.1411362
   5.9676409     -3.3885772     -0.1411393
   0.6468989     -0.9200426      0.2313187
   0.8810280     -1.3719825      0.1411363
   0.4810063     -1.3366745      0.2916986
   0.3151137     -0.6940719      0.3520787
   0.0659646     -1.7180141      0.4427613
   0.0706372     -3.3969316      0.4410607
   0.8394852     -3.3957644      0.1411363
  -0.0658871      3.3969328      0.1411377
  -0.6590423      3.3378713      0.1411377
  -1.5947232      3.1876390      0.1411377
  -2.5614738      2.9218471      0.1411377
  -4.0073085      2.2015438      0.1411377
  -5.3094268      1.3317873      0.1411377
  -5.9727883      0.4412304      0.1411377
  -5.9676409     -3.3885772      0.1411377
  -0.0658871      3.3969328     -0.1411389
  -0.6590423      3.3378713     -0.1411389
  -1.5947232      3.1876390     -0.1411387
  -2.5614738      2.9218471     -0.1411389
  -4.0073085      2.2015438     -0.1411389
  -5.3094268      1.3317873     -0.1411386
  -5.9727883      0.4412304     -0.1411387
  -5.9676409     -3.3885772     -0.1411386
  -0.0760864      0.6322556     -0.1411387
  -0.2964652      0.3026017     -0.1411387
  -0.5045487      0.4131814     -0.1411387
  -0.4510480     -0.5727139     -0.0859819
  -0.2871348     -0.4137805      0.1199681
  -0.1905256     -0.8057318      0.1650178
  -0.2019900     -1.7014818      0.1596718
  -0.0508229     -1.7054063      0.2301622
  -0.1700958     -1.6988672      0.4860013
  -0.0759000      0.6827238      0.1411373
  -0.0521511     -2.1026814      0.2295429
  -0.2357352     -2.5499508      0.1439361
  -0.4460336     -2.1026866     -0.0850977
  -0.6116235     -2.3329859     -0.1142956
  -0.9213054     -2.1071546     -0.1411386
  -0.9347530     -3.3957319     -0.1411385
  -0.9466333     -3.3957148      0.1411377
  -0.1714465     -2.1026814      0.4853726
  -0.2964652      0.3026017      0.1411383
  -0.5045487      0.4131814      0.1411383
  -0.5000648     -0.5727139      0.1920065
  -0.4064302     -0.4137805      0.3757978
  -0.3098206     -0.8057318      0.4208476
  -0.3212854     -1.7014818      0.4155016
  -0.3550307     -2.5499508      0.3997658
  -0.4950504     -2.1026866      0.1928907
  -0.6606403     -2.3329859      0.1636927
  -0.9213054     -2.1071546      0.1411382
  -2.5614738      2.9218471     -0.1411389
  -2.5614738      2.9218471      0.1411377
  -4.0073085      2.2015438     -0.1411389
  -4.0073085      2.2015438      0.1411377
  -5.3094268      1.3317873     -0.1411386
  -5.3094268      1.3317873      0.1411377
  -5.9727883      0.4412304     -0.1411387
  -5.9727883      0.4412304      0.1411377
  -0.0658871      3.3969328      0.1411377
  -0.0658871      3.3969328     -0.1411389
  -5.9727883      0.4412304     -0.1411387
  -5.9676409     -3.3885772     -0.1411386
  -0.0521511     -2.1026814      0.2295429
  -0.0508229     -1.7054063      0.2301622
  -0.4510480     -0.5727139     -0.0859819
  -0.4460336     -2.1026866     -0.0850977
  -0.0760864      0.6322556     -0.1411387
  -0.0658871      3.3969328     -0.1411389
  -0.6590423      3.3378713     -0.1411389
  -1.5947232      3.1876390     -0.1411387
  -2.5614738      2.9218471     -0.1411389
  -4.0073085      2.2015438     -0.1411389
  -5.3094268      1.3317873     -0.1411386
  -0.9347530     -3.3957319     -0.1411385
  -5.9676409     -3.3885772     -0.1411386
  -5.9676409     -3.3885772      0.1411377
  -5.9676409     -3.3885772      0.1411377
  -5.9727883      0.4412304      0.1411377
  -0.9466333     -3.3957148      0.1411377
  -0.1714465     -2.1026814      0.4853726
  -0.1700958     -1.6988672      0.4860013
  -0.5000648     -0.5727139      0.1920065
  -0.3212854     -1.7014818      0.4155016
  -0.4064302     -0.4137805      0.3757978
  -0.4950504     -2.1026866      0.1928907
  -0.0759000      0.6827238      0.1411373
  -0.6590423      3.3378713      0.1411377
  -0.0658871      3.3969328      0.1411377
  -2.5614738      2.9218471      0.1411377
  -1.5947232      3.1876390      0.1411377
  -4.0073085      2.2015438      0.1411377
  -5.3094268      1.3317873      0.1411377
  -0.0759000      0.6827238      0.1411373
  -0.0760864      0.6322556     -0.1411387
  -0.2964652      0.3026017     -0.1411387
  -0.2964652      0.3026017      0.1411383
  -0.2964652      0.3026017      0.1411383
  -0.2964652      0.3026017     -0.1411387
  -0.5045487      0.4131814     -0.1411387
  -0.5045487      0.4131814      0.1411383
  -0.5045487      0.4131814      0.1411383
  -0.5045487      0.4131814     -0.1411387
  -0.4510480     -0.5727139     -0.0859819
  -0.5000648     -0.5727139      0.1920065
  -0.4510480     -0.5727139     -0.0859819
  -0.4064302     -0.4137805      0.3757978
  -0.5000648     -0.5727139      0.1920065
  -0.4064302     -0.4137805      0.3757978
  -0.4510480     -0.5727139     -0.0859819
  -0.2871348     -0.4137805      0.1199681
  -0.4064302     -0.4137805      0.3757978
  -0.2871348     -0.4137805      0.1199681
  -0.1905256     -0.8057318      0.1650178
  -0.3098206     -0.8057318      0.4208476
  -0.2019900     -1.7014818      0.1596718
  -0.1700958     -1.6988672      0.4860013
  -0.2019900     -1.7014818      0.1596718
  -0.0508229     -1.7054063      0.2301622
  -0.3212854     -1.7014818      0.4155016
  -0.3212854     -1.7014818      0.4155016
  -0.2357352     -2.5499508      0.1439361
  -0.3550307     -2.5499508      0.3997658
  -0.4460336     -2.1026866     -0.0850977
  -0.3550307     -2.5499508      0.3997658
  -0.2357352     -2.5499508      0.1439361
  -0.4950504     -2.1026866      0.1928907
  -0.4950504     -2.1026866      0.1928907
  -0.4460336     -2.1026866     -0.0850977
  -0.6606403     -2.3329859      0.1636927
  -0.6116235     -2.3329859     -0.1142956
  -0.6116235     -2.3329859     -0.1142956
  -0.9213054     -2.1071546     -0.1411386
  -0.6606403     -2.3329859      0.1636927
  -0.9213054     -2.1071546     -0.1411386
  -0.9347530     -3.3957319     -0.1411385
  -0.9466333     -3.3957148      0.1411377
  -0.9213054     -2.1071546      0.1411382
  -0.9213054     -2.1071546      0.1411382

 0 0 0 0    .... footer bytes
 22   1 0 [ 11 ]  23   [ 10 ] 
 0      .....pad
7   [Number of bytequadgroups]
 0      .....pad
 28   1 0 [ 12 ] 
 3   [type identifier]   tell says: 8260 
 0      .....pad
250   [Number of vertices]
 126  254  139    0
 123  253  143    0
 126  252  154    0
 127  246  173    0
 127  239  189    0
 127  219  215    0
 127  203  229    0
 127  127  254    0
 127    0  127    0
 127  254  140    0
 125  254  143    0
 127  252  153    0
 127  246  173    0
 127  236  193    0
 127  219  215    0
 127  203  229    0
 127  127  254    0
 127    0  127    0
 125  100    2    0
 128   58  234    0
 125  100    2    0
 127    0  127    0
 127    0  127    0
 125  111    1    0
   6  127   85    0
   6  126   86    0
   7  126   85    0
   7  127   83    0
   7  127   83    0
 127    0  127    0
 127    0  127    0
 125  100    2    0
 128   58  234    0
 125  113    0    0
 125   91    5    0
 125  130    0    0
 166  177   16    0
 166  177   16    0
 168  148    8    0
  86  161  243    0
 255  127  127    0
 127    0  127    0
 127    0  127    0
 127  246  173    0
 127  246  173    0
 127  236  193    0
 127  239  189    0
 127  219  215    0
 127  219  215    0
 127  127  254    0
 127  127  254    0
   7  127   84    0
   7  128   83    0
 125  100    2    0
 125  100    2    0
 128   58  234    0
 128   58  234    0
 125   87    6    0
 125   87    6    0
 125  127    0    0
 125  126    0    0
 126   72   12    0
 126   72   12    0
 125  130    0    0
 166  177   16    0
 166  177   16    0
  94  205  222    0
 111  196  233    0
 111  196  233    0
 128  185  240    0
 169  127    6    0
 169  137    7    0
 169  127    7    0
  86  161  243    0
  86  161  243    0
  86  161  243    0
 168  159   10    0
 168  159   10    0
 255  127  127    0
 255  127  127    0
 255  127  127    0
 255  127  127    0
 255  127  127    0
 255  127  127    0
 255  127  127    0
 255  127  127    0
 255  127  127    0
 255  127  127    0
 255  127  127    0
 255  127  127    0
 255  127  127    0
 255  127  127    0
 255  127  127    0
   0  127  127    0
   0  127  127    0
   0  127  127    0
   0  127  127    0
   0  127  127    0
   0  127  127    0
   0  127  127    0
   0  127  127    0
   0  127  127    0
   0  127  127    0
   0  127  127    0
   0  127  127    0
   0  127  127    0
   0  127  127    0
   0  127  127    0
   0  127  127    0
 127    0  127    0
 127    0  127    0
 246  126  172    0
 246  126  172    0
 247  126  171    0
 247  127  171    0
 247  127  171    0
 246  127  172    0
 246  126  173    0
 127  254  114    0
 127  253  109    0
 127  251   98    0
 127  245   78    0
 127  236   61    0
 127  214   34    0
 127  203   25    0
 127  127    0    0
 127  254  114    0
 127  254  112    0
 127  252  102    0
 127  248   85    0
 127  239   65    0
 127  224   45    0
 127  203   25    0
 127  127    0    0
 127  127  254    0
   0  127  127    0
   0  125  125    0
   0  126  130    0
  26  129  205    0
  11  127  181    0
  25  130  203    0
 181  127  243    0
 181  127  243    0
 127  127  254    0
 180  100  240    0
  28  113  206    0
  30  127  210    0
   1  127  144    0
   0  129  130    0
   0  127  127    0
 127    0  127    0
 180  100  240    0
 255  127  127    0
 254  128  129    0
 254  128  123    0
 243  127   73    0
 243  127   73    0
 217  122   37    0
 221  144   42    0
 217  127   36    0
 253  127  110    0
 254  125  123    0
 127  248   85    0
 127  245   78    0
 127  239   65    0
 127  236   61    0
 127  224   45    0
 127  214   34    0
 127  127    0    0
 127  127    0    0
 127  127  254    0
 127  127  254    0
   0  127  128    0
   0  129  127    0
  21  127  198    0
  11  127  181    0
  41  129  221    0
   1  127  149    0
   0  127  127    0
   0  127  127    0
   0  127  127    0
   0  127  127    0
   0  124  124    0
   0  126  128    0
   0  126  128    0
 127    0  127    0
 127    0  127    0
 127    0  127    0
 254  125  127    0
 254  127  126    0
 255  127  127    0
 230  128   51    0
 243  127   73    0
 197  124   21    0
 243  127   73    0
 189  122   15    0
 253  127  105    0
 255  127  127    0
 255  127  127    0
 255  127  127    0
 254  130  129    0
 255  127  127    0
 254  128  126    0
 254  128  126    0
 133   60  235    0
 140   56  232    0
 133   60  235    0
 127   63  237    0
 127   14   67    0
 127   14   67    0
 127   14   67    0
 127   14   67    0
 138  131  254    0
 127  134  254    0
 138  131  254    0
 149  129  253    0
 103  221   44    0
 103  221   44    0
 110  205   28    0
 103  221   44    0
 103  221   44    0
  97  233   62    0
 179  160  239    0
 179  160  239    0
 180  149  241    0
 181  137  242    0
 181  125  243    0
 126  254  128    0
 126  254  128    0
 126  254  131    0
 181  125  243    0
 126  254  125    0
 176   74  232    0
 176   74  232    0
  94   69   19    0
  94   69   19    0
  82   58   30    0
 106   81   10    0
 145   52  228    0
 145   52  228    0
 145   52  228    0
 145   52  228    0
 114   24   53    0
 120   27   48    0
 120   27   48    0
 130  125  254    0
 132  126  254    0
 130  125  254    0
 127   31   44    0
 127  124  254    0

 0 0 0 0    .... footer bytes
 27   1 0 [ 13 ]  28   [ 12 ]    tell says: 9284 
 28   [ 14 ] 
 10   [type identifier]   tell says: 9294 
250   [Number of vertices]
 253  127  143    0
 250  127  162    0
 254  127  136    0
 255  127  127    0
 255  127  127    0
 255  127  127    0
 255  127  127    0
 255  127  127    0
 248  127  169    0
 254  127  125    0
 253  127  144    0
 255  127  127    0
 255  127  127    0
 255  127  127    0
 255  127  127    0
 255  127  127    0
 255  127  127    0
 253  127  147    0
   0  127  129    0
 254  127  125    0
   0  127  129    0
 127  127    0    0
 127  127    0    0
   0  127  129    0
  85  127  248    0
  86  127  248    0
  85  127  247    0
  83  127  247    0
  83  127  247    0
 127  127    0    0
 127  127    0    0
   0  127  129    0
 254  127  125    0
   0  127  129    0
   0  127  129    0
   0  127  129    0
   7  127   85    0
   7  127   85    0
   7  127   85    0
 247  127  169    0
 127  127  255    0
 254  127  125    0
 254  127  137    0
 255  127  127    0
 255  127  127    0
 255  127  127    0
 255  127  127    0
 255  127  127    0
 255  127  127    0
 255  127  127    0
 255  127  127    0
  84  127  247    0
  83  127  247    0
   0  127  129    0
   0  127  129    0
 254  127  125    0
 254  127  125    0
   0  127  129    0
   0  127  129    0
   0  127  129    0
   0  127  129    0
   0  127  129    0
   0  127  129    0
   0  127  129    0
   7  127   85    0
   7  127   85    0
 247  127  169    0
 253  126  147    0
 253  126  147    0
 254  127  125    0
   6  127   85    0
   7  127   85    0
   7  127   85    0
 247  127  169    0
 247  127  169    0
 247  127  169    0
   7  127   85    0
   7  127   85    0
 127  127  255    0
 127  127  255    0
 127  127  255    0
 127  127  255    0
 127  127  255    0
 127  127  255    0
 127  127  255    0
 127  127  255    0
 127  127  255    0
 127  127  255    0
 127  127  255    0
 127  127  255    0
 127  127  255    0
 127  127  255    0
 127  127  255    0
 127  127  255    0
 127  127  255    0
 127  127  255    0
 127  127  255    0
 127  127  255    0
 127  127  255    0
 127  127  255    0
 127  127  255    0
 127  127  255    0
 127  127  255    0
 127  127  255    0
 127  127  255    0
 127  127  255    0
 127  127  255    0
 127  127  255    0
 127  127  255    0
 255  127  127    0
 254  127  126    0
  82  127  246    0
  82  127  246    0
  83  127  247    0
  83  127  247    0
  83  127  247    0
  82  127  246    0
  81  127  246    0
 255  127  127    0
 255  127  127    0
 255  127  127    0
 255  127  127    0
 255  127  127    0
 255  127  127    0
 255  127  127    0
 255  127  127    0
 255  127  127    0
 255  127  127    0
 255  127  127    0
 255  127  127    0
 255  127  127    0
 255  127  127    0
 255  127  127    0
 255  127  127    0
   0  127  127    0
 127  127    0    0
 129  127    0    0
 124  127    0    0
  49  127   26    0
  73  127   11    0
  51  127   25    0
  11  127  181    0
  11  127  181    0
   0  127  127    0
  11  127  181    0
  47  127   27    0
  44  127   30    0
 110  127    1    0
 124  127    0    0
 127  127    0    0
 254  127  130    0
  11  127  181    0
 127  119    0    0
 129  123    0    0
 123  127    0    0
  73  127   11    0
  73  127   11    0
  37  126   37    0
  42  127   32    0
  36  127   37    0
 110  127    1    0
 123  127    0    0
 255  127  127    0
 255  127  127    0
 255  127  127    0
 255  127  127    0
 255  127  127    0
 255  127  127    0
 255  127  127    0
 255  127  127    0
   0  127  127    0
   0  127  127    0
 126  127    0    0
 127  127    0    0
  56  127   21    0
  73  127   11    0
  33  127   41    0
 105  127    1    0
 127  127    0    0
 127  127    0    0
 127  127    0    0
 127  127    0    0
 130  127    0    0
 126  127    0    0
 126  127    0    0
 254  127  132    0
 254  127  130    0
 255  127  127    0
 127  127    0    0
 126  127    0    0
 127  127    0    0
  51  125   24    0
  73  122   12    0
  21  127   57    0
  73  127   11    0
  15  127   65    0
 105  127    1    0
 127  120    0    0
 127  122    0    0
 127  127    0    0
 129  127    0    0
 127  127    0    0
 126  127    0    0
 126  127    0    0
   0  127  134    0
   0  127  142    0
   0  127  134    0
   0  127  127    0
 127   67  240    0
 127   67  240    0
 127   67  240    0
 127   67  240    0
   0  127  138    0
   0  127  127    0
   0  127  138    0
   1  127  149    0
 251  134   99    0
 251  134   99    0
 253  127  105    0
 131   43   31    0
 131   43   31    0
 127   60   18    0
  11  127  181    0
  11  127  181    0
  11  127  181    0
  11  127  181    0
  11  127  181    0
 127  128    0    0
 127  128    0    0
 127  131    0    0
  11  127  181    0
 127  125    0    0
  11  127  181    0
  11  127  181    0
 249  127   89    0
 249  127   89    0
 243  127   73    0
 253  127  105    0
   1  127  149    0
   1  127  149    0
   1  127  149    0
   1  127  149    0
 127   53  231    0
 127   48  227    0
 127   48  227    0
   0  127  130    0
   0  127  132    0
   0  127  130    0
 127   44  223    0
   0  127  127    0

 0 0 0 0    .... footer bytes
 27   [ 15 ]  28   [ 14 ]    tell says: 10314 
 28   [ 16 ] 
 8   [type identifier]   tell says: 10324 
250   [Number of vertices]
   0    0    0  255
   0    0    0  255
   0    0    0  255
   0    0    0  255
   0    0    0  255
   0    0    0  255
   0    0    0  255
   0    0    0  255
   0    0    0  255
   0    0    0  255
   0    0    0  255
   0    0    0  255
   0    0    0  255
   0    0    0  255
   0    0    0  255
   0    0    0  255
   0    0    0  255
   0    0    0  255
   0    0    0  255
   0    0    0  255
   0    0    0  255
   0    0    0  255
   0    0    0  255
   0    0    0  255
   0    0    0  255
   0    0    0  255
   0    0    0  255
   0    0    0  255
   0    0    0  255
   0    0    0  255
   0    0    0  255
   0    0    0  255
   0    0    0  255
   0    0    0  255
   0    0    0  255
   0    0    0  255
   0    0    0  255
   0    0    0  255
   0    0    0  255
   0    0    0  255
   0    0    0  255
   0    0    0  255
   0    0    0  255
   0    0    0  255
   0    0    0  255
   0    0    0  255
   0    0    0  255
   0    0    0  255
   0    0    0  255
   0    0    0  255
   0    0    0  255
   0    0    0  255
   0    0    0  255
   0    0    0  255
   0    0    0  255
   0    0    0  255
   0    0    0  255
   0    0    0  255
   0    0    0  255
   0    0    0  255
   0    0    0  255
   0    0    0  255
   0    0    0  255
   0    0    0  255
   0    0    0  255
   0    0    0  255
   0    0    0  255
   0    0    0  255
   0    0    0  255
   0    0    0  255
   0    0    0  255
   0    0    0  255
   0    0    0  255
   0    0    0  255
   0    0    0  255
   0    0    0  255
   0    0    0  255
   0    0    0  255
   0    0    0  255
   0    0    0  255
   0    0    0  255
   0    0    0  255
   0    0    0  255
   0    0    0  255
   0    0    0  255
   0    0    0  255
   0    0    0  255
   0    0    0  255
   0    0    0  255
   0    0    0  255
   0    0    0  255
   0    0    0  255
   0    0    0  255
   0    0    0  255
   0    0    0  255
   0    0    0  255
   0    0    0  255
   0    0    0  255
   0    0    0  255
   0    0    0  255
   0    0    0  255
   0    0    0  255
   0    0    0  255
   0    0    0  255
   0    0    0  255
   0    0    0  255
   0    0    0  255
   0    0    0  255
   0    0    0  255
   0    0    0  255
   0    0    0  255
   0    0    0  255
   0    0    0  255
   0    0    0  255
   0    0    0  255
   0    0    0  255
   0    0    0  255
   0    0    0  255
   0    0    0  255
   0    0    0  255
   0    0    0  255
   0    0    0  255
   0    0    0  255
   0    0    0  255
   0    0    0  255
   0    0    0  255
   0    0    0  255
   0    0    0  255
   0    0    0  255
   0    0    0  255
   0    0    0  255
   0    0    0  255
   0    0    0  255
   0    0    0  255
   0    0    0  255
   0    0    0  255
   0    0    0  255
   0    0    0  255
   0    0    0  255
   0    0    0  255
   0    0    0  255
   0    0    0  255
   0    0    0  255
   0    0    0  255
   0    0    0  255
   0    0    0  255
   0    0    0  255
   0    0    0  255
   0    0    0  255
   0    0    0  255
   0    0    0  255
   0    0    0  255
   0    0    0  255
   0    0    0  255
   0    0    0  255
   0    0    0  255
   0    0    0  255
   0    0    0  255
   0    0    0  255
   0    0    0  255
   0    0    0  255
   0    0    0  255
   0    0    0  255
   0    0    0  255
   0    0    0  255
   0    0    0  255
   0    0    0  255
   0    0    0  255
   0    0    0  255
   0    0    0  255
   0    0    0  255
   0    0    0  255
   0    0    0  255
   0    0    0  255
   0    0    0  255
   0    0    0  255
   0    0    0  255
   0    0    0  255
   0    0    0  255
   0    0    0  255
   0    0    0  255
   0    0    0  255
   0    0    0  255
   0    0    0  255
   0    0    0  255
   0    0    0  255
   0    0    0  255
   0    0    0  255
   0    0    0  255
   0    0    0  255
   0    0    0  255
   0    0    0  255
   0    0    0  255
   0    0    0  255
   0    0    0  255
   0    0    0  255
   0    0    0  255
   0    0    0  255
   0    0    0  255
   0    0    0  255
   0    0    0  255
   0    0    0  255
   0    0    0  255
   0    0    0  255
   0    0    0  255
   0    0    0  255
   0    0    0  255
   0    0    0  255
   0    0    0  255
   0    0    0  255
   0    0    0  255
   0    0    0  255
   0    0    0  255
   0    0    0  255
   0    0    0  255
   0    0    0  255
   0    0    0  255
   0    0    0  255
   0    0    0  255
   0    0    0  255
   0    0    0  255
   0    0    0  255
   0    0    0  255
   0    0    0  255
   0    0    0  255
   0    0    0  255
   0    0    0  255
   0    0    0  255
   0    0    0  255
   0    0    0  255
   0    0    0  255
   0    0    0  255
   0    0    0  255
   0    0    0  255
   0    0    0  255
   0    0    0  255
   0    0    0  255
   0    0    0  255
   0    0    0  255
   0    0    0  255
   0    0    0  255
   0    0    0  255
   0    0    0  255
   0    0    0  255
   0    0    0  255
   0    0    0  255
   0    0    0  255
   0    0    0  255
   0    0    0  255
   0    0    0  255

 0 0 0 0    .... footer bytes
 27   [ 17 ]  28   [ 16 ]    tell says: 11344 
 28   [ 18 ] 
 9   [type identifier]   tell says: 11354 
250   [Number of vertices]
   0    0    0    0
   0    0    0    0
   0    0    0    0
   0    0    0    0
   0    0    0    0
   0    0    0    0
   0    0    0    0
   0    0    0    0
   0    0    0    0
   0    0    0    0
   0    0    0    0
   0    0    0    0
   0    0    0    0
   0    0    0    0
   0    0    0    0
   0    0    0    0
   0    0    0    0
   0    0    0    0
   0    0    0    0
   0    0    0    0
   0    0    0    0
   0    0    0    0
   0    0    0    0
   0    0    0    0
   0    0    0    0
   0    0    0    0
   0    0    0    0
   0    0    0    0
   0    0    0    0
   0    0    0    0
   0    0    0    0
   0    0    0    0
   0    0    0    0
   0    0    0    0
   0    0    0    0
   0    0    0    0
   0    0    0    0
   0    0    0    0
   0    0    0    0
   0    0    0    0
   0    0    0    0
   0    0    0    0
   0    0    0    0
   0    0    0    0
   0    0    0    0
   0    0    0    0
   0    0    0    0
   0    0    0    0
   0    0    0    0
   0    0    0    0
   0    0    0    0
   0    0    0    0
   0    0    0    0
   0    0    0    0
   0    0    0    0
   0    0    0    0
   0    0    0    0
   0    0    0    0
   0    0    0    0
   0    0    0    0
   0    0    0    0
   0    0    0    0
   0    0    0    0
   0    0    0    0
   0    0    0    0
   0    0    0    0
   0    0    0    0
   0    0    0    0
   0    0    0    0
   0    0    0    0
   0    0    0    0
   0    0    0    0
   0    0    0    0
   0    0    0    0
   0    0    0    0
   0    0    0    0
   0    0    0    0
   0    0    0    0
   0    0    0    0
   0    0    0    0
   0    0    0    0
   0    0    0    0
   0    0    0    0
   0    0    0    0
   0    0    0    0
   0    0    0    0
   0    0    0    0
   0    0    0    0
   0    0    0    0
   0    0    0    0
   0    0    0    0
   0    0    0    0
   0    0    0    0
   0    0    0    0
   0    0    0    0
   0    0    0    0
   0    0    0    0
   0    0    0    0
   0    0    0    0
   0    0    0    0
   0    0    0    0
   0    0    0    0
   0    0    0    0
   0    0    0    0
   0    0    0    0
   0    0    0    0
   0    0    0    0
   0    0    0    0
   0    0    0    0
   0    0    0    0
   0    0    0    0
   0    0    0    0
   0    0    0    0
   0    0    0    0
   0    0    0    0
   0    0    0    0
   0    0    0    0
   0    0    0    0
   0    0    0    0
   0    0    0    0
   0    0    0    0
   0    0    0    0
   0    0    0    0
   0    0    0    0
   0    0    0    0
   0    0    0    0
   0    0    0    0
   0    0    0    0
   0    0    0    0
   0    0    0    0
   0    0    0    0
   0    0    0    0
   0    0    0    0
   0    0    0    0
   0    0    0    0
   0    0    0    0
   0    0    0    0
   0    0    0    0
   0    0    0    0
   0    0    0    0
   0    0    0    0
   0    0    0    0
   0    0    0    0
   0    0    0    0
   0    0    0    0
   0    0    0    0
   0    0    0    0
   0    0    0    0
   0    0    0    0
   0    0    0    0
   0    0    0    0
   0    0    0    0
   0    0    0    0
   0    0    0    0
   0    0    0    0
   0    0    0    0
   0    0    0    0
   0    0    0    0
   0    0    0    0
   0    0    0    0
   0    0    0    0
   0    0    0    0
   0    0    0    0
   0    0    0    0
   0    0    0    0
   0    0    0    0
   0    0    0    0
   0    0    0    0
   0    0    0    0
   0    0    0    0
   0    0    0    0
   0    0    0    0
   0    0    0    0
   0    0    0    0
   0    0    0    0
   0    0    0    0
   0    0    0    0
   0    0    0    0
   0    0    0    0
   0    0    0    0
   0    0    0    0
   0    0    0    0
   0    0    0    0
   0    0    0    0
   0    0    0    0
   0    0    0    0
   0    0    0    0
   0    0    0    0
   0    0    0    0
   0    0    0    0
   0    0    0    0
   0    0    0    0
   0    0    0    0
   0    0    0    0
   0    0    0    0
   0    0    0    0
   0    0    0    0
   0    0    0    0
   0    0    0    0
   0    0    0    0
   0    0    0    0
   0    0    0    0
   0    0    0    0
   0    0    0    0
   0    0    0    0
   0    0    0    0
   0    0    0    0
   0    0    0    0
   0    0    0    0
   0    0    0    0
   0    0    0    0
   0    0    0    0
   0    0    0    0
   0    0    0    0
   0    0    0    0
   0    0    0    0
   0    0    0    0
   0    0    0    0
   0    0    0    0
   0    0    0    0
   0    0    0    0
   0    0    0    0
   0    0    0    0
   0    0    0    0
   0    0    0    0
   0    0    0    0
   0    0    0    0
   0    0    0    0
   0    0    0    0
   0    0    0    0
   0    0    0    0
   0    0    0    0
   0    0    0    0
   0    0    0    0
   0    0    0    0
   0    0    0    0
   0    0    0    0
   0    0    0    0
   0    0    0    0
   0    0    0    0
   0    0    0    0
   0    0    0    0
   0    0    0    0
   0    0    0    0
   0    0    0    0
   0    0    0    0
   0    0    0    0
   0    0    0    0
   0    0    0    0
   0    0    0    0

 0 0 0 0    .... footer bytes
 27   [ 19 ]  28   [ 18 ]    tell says: 12374 
 28   [ 20 ] 
 13   [type identifier]   tell says: 12384 
250   [Number of vertices]
   2    0    0    0
   2    0    0    0
   2    0    0    0
   2    0    0    0
   2    0    0    0
   2    0    0    0
   2    0    0    0
   2    0    0    0
   2    0    0    0
   2    0    0    0
   2    0    0    0
   2    0    0    0
   2    0    0    0
   2    0    0    0
   2    0    0    0
   2    0    0    0
   2    0    0    0
   2    0    0    0
   2    0    0    0
   2    0    0    0
   2    0    0    0
   2    0    0    0
   2    0    0    0
   2    0    0    0
   2    0    0    0
   2    0    0    0
   2    0    0    0
   2    0    0    0
   2    0    0    0
   2    0    0    0
   2    0    0    0
   2    0    0    0
   2    0    0    0
   2    0    0    0
   2    0    0    0
   2    0    0    0
   2    0    0    0
   2    0    0    0
   2    0    0    0
   2    0    0    0
   2    0    0    0
   2    0    0    0
   2    0    0    0
   2    0    0    0
   2    0    0    0
   2    0    0    0
   2    0    0    0
   2    0    0    0
   2    0    0    0
   2    0    0    0
   2    0    0    0
   2    0    0    0
   2    0    0    0
   2    0    0    0
   2    0    0    0
   2    0    0    0
   2    0    0    0
   2    0    0    0
   2    0    0    0
   2    0    0    0
   2    0    0    0
   2    0    0    0
   2    0    0    0
   2    0    0    0
   2    0    0    0
   2    0    0    0
   2    0    0    0
   2    0    0    0
   2    0    0    0
   2    0    0    0
   2    0    0    0
   2    0    0    0
   2    0    0    0
   2    0    0    0
   2    0    0    0
   2    0    0    0
   2    0    0    0
   2    0    0    0
   2    0    0    0
   2    0    0    0
   2    0    0    0
   2    0    0    0
   2    0    0    0
   2    0    0    0
   2    0    0    0
   2    0    0    0
   2    0    0    0
   2    0    0    0
   2    0    0    0
   2    0    0    0
   2    0    0    0
   2    0    0    0
   2    0    0    0
   2    0    0    0
   2    0    0    0
   2    0    0    0
   2    0    0    0
   2    0    0    0
   2    0    0    0
   2    0    0    0
   2    0    0    0
   2    0    0    0
   2    0    0    0
   2    0    0    0
   2    0    0    0
   2    0    0    0
   2    0    0    0
   2    0    0    0
   2    0    0    0
   2    0    0    0
   2    0    0    0
   2    0    0    0
   2    0    0    0
   2    0    0    0
   2    0    0    0
   2    0    0    0
   2    0    0    0
   2    0    0    0
   2    0    0    0
   2    0    0    0
   2    0    0    0
   2    0    0    0
   2    0    0    0
   2    0    0    0
   2    0    0    0
   2    0    0    0
   2    0    0    0
   2    0    0    0
   2    0    0    0
   2    0    0    0
   2    0    0    0
   2    0    0    0
   2    0    0    0
   2    0    0    0
   2    0    0    0
   2    0    0    0
   2    0    0    0
   2    0    0    0
   2    0    0    0
   2    0    0    0
   2    0    0    0
   2    0    0    0
   2    0    0    0
   2    0    0    0
   2    0    0    0
   2    0    0    0
   2    0    0    0
   2    0    0    0
   2    0    0    0
   2    0    0    0
   2    0    0    0
   2    0    0    0
   2    0    0    0
   2    0    0    0
   2    0    0    0
   2    0    0    0
   2    0    0    0
   2    0    0    0
   2    0    0    0
   2    0    0    0
   2    0    0    0
   2    0    0    0
   2    0    0    0
   2    0    0    0
   2    0    0    0
   2    0    0    0
   2    0    0    0
   2    0    0    0
   2    0    0    0
   2    0    0    0
   2    0    0    0
   2    0    0    0
   2    0    0    0
   2    0    0    0
   2    0    0    0
   2    0    0    0
   2    0    0    0
   2    0    0    0
   2    0    0    0
   2    0    0    0
   2    0    0    0
   2    0    0    0
   2    0    0    0
   2    0    0    0
   2    0    0    0
   2    0    0    0
   2    0    0    0
   2    0    0    0
   2    0    0    0
   2    0    0    0
   2    0    0    0
   2    0    0    0
   2    0    0    0
   2    0    0    0
   2    0    0    0
   2    0    0    0
   2    0    0    0
   2    0    0    0
   2    0    0    0
   2    0    0    0
   2    0    0    0
   2    0    0    0
   2    0    0    0
   2    0    0    0
   2    0    0    0
   2    0    0    0
   2    0    0    0
   2    0    0    0
   2    0    0    0
   2    0    0    0
   2    0    0    0
   2    0    0    0
   2    0    0    0
   2    0    0    0
   2    0    0    0
   2    0    0    0
   2    0    0    0
   2    0    0    0
   2    0    0    0
   2    0    0    0
   2    0    0    0
   2    0    0    0
   2    0    0    0
   2    0    0    0
   2    0    0    0
   2    0    0    0
   2    0    0    0
   2    0    0    0
   2    0    0    0
   2    0    0    0
   2    0    0    0
   2    0    0    0
   2    0    0    0
   2    0    0    0
   2    0    0    0
   2    0    0    0
   2    0    0    0
   2    0    0    0
   2    0    0    0
   2    0    0    0
   2    0    0    0
   2    0    0    0
   2    0    0    0
   2    0    0    0
   2    0    0    0
   2    0    0    0
   2    0    0    0
   2    0    0    0
   2    0    0    0
   2    0    0    0

 0 0 0 0    .... footer bytes
 27   [ 21 ]  28   [ 20 ]    tell says: 13404 
 28   [ 22 ] 
 14   [type identifier]   tell says: 13414 
250   [Number of vertices]
   2    0    0    0
   2    0    0    0
   2    0    0    0
   2    0    0    0
   2    0    0    0
   2    0    0    0
   2    0    0    0
   2    0    0    0
   2    0    0    0
   2    0    0    0
   2    0    0    0
   2    0    0    0
   2    0    0    0
   2    0    0    0
   2    0    0    0
   2    0    0    0
   2    0    0    0
   2    0    0    0
   2    0    0    0
   2    0    0    0
   2    0    0    0
   2    0    0    0
   2    0    0    0
   2    0    0    0
   2    0    0    0
   2    0    0    0
   2    0    0    0
   2    0    0    0
   2    0    0    0
   2    0    0    0
   2    0    0    0
   2    0    0    0
   2    0    0    0
   2    0    0    0
   2    0    0    0
   2    0    0    0
   2    0    0    0
   2    0    0    0
   2    0    0    0
   2    0    0    0
   2    0    0    0
   2    0    0    0
   2    0    0    0
   2    0    0    0
   2    0    0    0
   2    0    0    0
   2    0    0    0
   2    0    0    0
   2    0    0    0
   2    0    0    0
   2    0    0    0
   2    0    0    0
   2    0    0    0
   2    0    0    0
   2    0    0    0
   2    0    0    0
   2    0    0    0
   2    0    0    0
   2    0    0    0
   2    0    0    0
   2    0    0    0
   2    0    0    0
   2    0    0    0
   2    0    0    0
   2    0    0    0
   2    0    0    0
   2    0    0    0
   2    0    0    0
   2    0    0    0
   2    0    0    0
   2    0    0    0
   2    0    0    0
   2    0    0    0
   2    0    0    0
   2    0    0    0
   2    0    0    0
   2    0    0    0
   2    0    0    0
   2    0    0    0
   2    0    0    0
   2    0    0    0
   2    0    0    0
   2    0    0    0
   2    0    0    0
   2    0    0    0
   2    0    0    0
   2    0    0    0
   2    0    0    0
   2    0    0    0
   2    0    0    0
   2    0    0    0
   2    0    0    0
   2    0    0    0
   2    0    0    0
   2    0    0    0
   2    0    0    0
   2    0    0    0
   2    0    0    0
   2    0    0    0
   2    0    0    0
   2    0    0    0
   2    0    0    0
   2    0    0    0
   2    0    0    0
   2    0    0    0
   2    0    0    0
   2    0    0    0
   2    0    0    0
   2    0    0    0
   2    0    0    0
   2    0    0    0
   2    0    0    0
   2    0    0    0
   2    0    0    0
   2    0    0    0
   2    0    0    0
   2    0    0    0
   2    0    0    0
   2    0    0    0
   2    0    0    0
   2    0    0    0
   2    0    0    0
   2    0    0    0
   2    0    0    0
   2    0    0    0
   2    0    0    0
   2    0    0    0
   2    0    0    0
   2    0    0    0
   2    0    0    0
   2    0    0    0
   2    0    0    0
   2    0    0    0
   2    0    0    0
   2    0    0    0
   2    0    0    0
   2    0    0    0
   2    0    0    0
   2    0    0    0
   2    0    0    0
   2    0    0    0
   2    0    0    0
   2    0    0    0
   2    0    0    0
   2    0    0    0
   2    0    0    0
   2    0    0    0
   2    0    0    0
   2    0    0    0
   2    0    0    0
   2    0    0    0
   2    0    0    0
   2    0    0    0
   2    0    0    0
   2    0    0    0
   2    0    0    0
   2    0    0    0
   2    0    0    0
   2    0    0    0
   2    0    0    0
   2    0    0    0
   2    0    0    0
   2    0    0    0
   2    0    0    0
   2    0    0    0
   2    0    0    0
   2    0    0    0
   2    0    0    0
   2    0    0    0
   2    0    0    0
   2    0    0    0
   2    0    0    0
   2    0    0    0
   2    0    0    0
   2    0    0    0
   2    0    0    0
   2    0    0    0
   2    0    0    0
   2    0    0    0
   2    0    0    0
   2    0    0    0
   2    0    0    0
   2    0    0    0
   2    0    0    0
   2    0    0    0
   2    0    0    0
   2    0    0    0
   2    0    0    0
   2    0    0    0
   2    0    0    0
   2    0    0    0
   2    0    0    0
   2    0    0    0
   2    0    0    0
   2    0    0    0
   2    0    0    0
   2    0    0    0
   2    0    0    0
   2    0    0    0
   2    0    0    0
   2    0    0    0
   2    0    0    0
   2    0    0    0
   2    0    0    0
   2    0    0    0
   2    0    0    0
   2    0    0    0
   2    0    0    0
   2    0    0    0
   2    0    0    0
   2    0    0    0
   2    0    0    0
   2    0    0    0
   2    0    0    0
   2    0    0    0
   2    0    0    0
   2    0    0    0
   2    0    0    0
   2    0    0    0
   2    0    0    0
   2    0    0    0
   2    0    0    0
   2    0    0    0
   2    0    0    0
   2    0    0    0
   2    0    0    0
   2    0    0    0
   2    0    0    0
   2    0    0    0
   2    0    0    0
   2    0    0    0
   2    0    0    0
   2    0    0    0
   2    0    0    0
   2    0    0    0
   2    0    0    0
   2    0    0    0
   2    0    0    0
   2    0    0    0
   2    0    0    0
   2    0    0    0
   2    0    0    0
   2    0    0    0
   2    0    0    0
   2    0    0    0
   2    0    0    0
   2    0    0    0
   2    0    0    0
   2    0    0    0
   2    0    0    0

 0 0 0 0    .... footer bytes
 27   [ 23 ]  28   [ 22 ]    tell says: 14434 
 28   [ 24 ] 
 2   [type identifier]   tell says: 14444 
250   [Number of vertices]
   0    0    0    0
   0    0    0    0
   0    0    0    0
   0    0    0    0
   0    0    0    0
   0    0    0    0
   0    0    0    0
   0    0    0    0
   0    0    0    0
   0    0    0    0
   0    0    0    0
   0    0    0    0
   0    0    0    0
   0    0    0    0
   0    0    0    0
   0    0    0    0
   0    0    0    0
   0    0    0    0
   0    0    0    0
   0    0    0    0
   0    0    0    0
   0    0    0    0
   0    0    0    0
   0    0    0    0
   0    0    0    0
   0    0    0    0
   0    0    0    0
   0    0    0    0
   0    0    0    0
   0    0    0    0
   0    0    0    0
   0    0    0    0
   0    0    0    0
   0    0    0    0
   0    0    0    0
   0    0    0    0
   0    0    0    0
   0    0    0    0
   0    0    0    0
   0    0    0    0
   0    0    0    0
   0    0    0    0
   0    0    0    0
   0    0    0    0
   0    0    0    0
   0    0    0    0
   0    0    0    0
   0    0    0    0
   0    0    0    0
   0    0    0    0
   0    0    0    0
   0    0    0    0
   0    0    0    0
   0    0    0    0
   0    0    0    0
   0    0    0    0
   0    0    0    0
   0    0    0    0
   0    0    0    0
   0    0    0    0
   0    0    0    0
   0    0    0    0
   0    0    0    0
   0    0    0    0
   0    0    0    0
   0    0    0    0
   0    0    0    0
   0    0    0    0
   0    0    0    0
   0    0    0    0
   0    0    0    0
   0    0    0    0
   0    0    0    0
   0    0    0    0
   0    0    0    0
   0    0    0    0
   0    0    0    0
   0    0    0    0
   0    0    0    0
   0    0    0    0
   0    0    0    0
   0    0    0    0
   0    0    0    0
   0    0    0    0
   0    0    0    0
   0    0    0    0
   0    0    0    0
   0    0    0    0
   0    0    0    0
   0    0    0    0
   0    0    0    0
   0    0    0    0
   0    0    0    0
   0    0    0    0
   0    0    0    0
   0    0    0    0
   0    0    0    0
   0    0    0    0
   0    0    0    0
   0    0    0    0
   0    0    0    0
   0    0    0    0
   0    0    0    0
   0    0    0    0
   0    0    0    0
   0    0    0    0
   0    0    0    0
   0    0    0    0
   0    0    0    0
   0    0    0    0
   0    0    0    0
   0    0    0    0
   0    0    0    0
   0    0    0    0
   0    0    0    0
   0    0    0    0
   0    0    0    0
   0    0    0    0
   0    0    1    0
   0    0    1    0
   0    0    1    0
   0    0    1    0
   0    0    1    0
   0    0    1    0
   0    0    1    0
   0    0    1    0
   0    0    1    0
   0    0    1    0
   0    0    1    0
   0    0    1    0
   0    0    1    0
   0    0    1    0
   0    0    1    0
   0    0    1    0
   0    0    1    0
   0    0    1    0
   0    0    1    0
   0    0    1    0
   0    0    1    0
   0    0    1    0
   0    0    1    0
   0    0    1    0
   0    0    1    0
   0    0    1    0
   0    0    1    0
   0    0    1    0
   0    0    1    0
   0    0    1    0
   0    0    1    0
   0    0    1    0
   0    0    1    0
   0    0    1    0
   0    0    1    0
   0    0    1    0
   0    0    1    0
   0    0    1    0
   0    0    1    0
   0    0    1    0
   0    0    1    0
   0    0    1    0
   0    0    1    0
   0    0    1    0
   0    0    1    0
   0    0    1    0
   0    0    1    0
   0    0    1    0
   0    0    1    0
   0    0    1    0
   0    0    1    0
   0    0    1    0
   0    0    1    0
   0    0    1    0
   0    0    1    0
   0    0    1    0
   0    0    1    0
   0    0    1    0
   0    0    1    0
   0    0    1    0
   0    0    1    0
   0    0    1    0
   0    0    1    0
   0    0    1    0
   0    0    1    0
   0    0    1    0
   0    0    1    0
   0    0    1    0
   0    0    1    0
   0    0    1    0
   0    0    1    0
   0    0    1    0
   0    0    1    0
   0    0    1    0
   0    0    1    0
   0    0    1    0
   0    0    1    0
   0    0    1    0
   0    0    1    0
   0    0    1    0
   0    0    1    0
   0    0    1    0
   0    0    1    0
   0    0    1    0
   0    0    1    0
   0    0    1    0
   0    0    1    0
   0    0    1    0
   0    0    1    0
   0    0    1    0
   0    0    1    0
   0    0    1    0
   0    0    1    0
   0    0    1    0
   0    0    1    0
   0    0    1    0
   0    0    1    0
   0    0    1    0
   0    0    1    0
   0    0    1    0
   0    0    1    0
   0    0    1    0
   0    0    1    0
   0    0    1    0
   0    0    1    0
   0    0    1    0
   0    0    1    0
   0    0    1    0
   0    0    1    0
   0    0    1    0
   0    0    1    0
   0    0    1    0
   0    0    1    0
   0    0    1    0
   0    0    1    0
   0    0    1    0
   0    0    1    0
   0    0    1    0
   0    0    1    0
   0    0    1    0
   0    0    1    0
   0    0    1    0
   0    0    1    0
   0    0    1    0
   0    0    1    0
   0    0    1    0
   0    0    1    0
   0    0    1    0
   0    0    1    0
   0    0    1    0
   0    0    1    0
   0    0    1    0

 0 0 0 0    .... footer bytes
 27   [ 25 ]  28   [ 24 ]    tell says: 15464 
 0 0 0 ....zeroes
 0.11619417  -0.05772233  0.14089626  6.94169950    tell says: 15490 
 0 ....zeroes   tell says: 15494 
0   [Number of bonestrings]
 3   1 0 [ 26 ]  4   [ 1 ] 
 0      .....pad
1   [number of textures]
 0      .....pad
 38   1 4 [ 27 ] 
19 buildingskinnedlod0
17
41 BlockSet/Textures/osgiliath_walls.texture
48 BlockSet/Textures/osgiliath_walls_normal.texture
Expected 15 integer zeroes
 0  0  0  0  0  0  0  0  0  0  0  0  0  0  0 
constant three integers 4, 1 and 3
 4  1  3
variable 4 bytes
18 192 63  0 

 4
255 255 255 255 
255 255 255 255 
255 255 255 255 
255 255 255 255 

 9
 0  0  0  0 
 0  0  0  0 
 0  0  0  0 
 0  0  0  0 
 0  0  0  0 
 0  0  0  0 
 0  0  0  0 
 0  0  0  0 
 0  0  0  0 

 8
  2
   0    short pad .....
   0  0 128 63  0  0  0  0  0  0  0  0  0  0  0  0  0  0  0  0  0  0 128 63  0  0  0  0  0  0  0  0
  2
   0  0 128 63  0  0  0  0  0  0  0  0  0  0  0  0  0  0  0  0  0  0 128 63  0  0  0  0  0  0  0  0
  2
   0  0 128 63  0  0  0  0  0  0  0  0  0  0  0  0  0  0  0  0  0  0 128 63  0  0  0  0  0  0  0  0
  2
   0  0 128 63  0  0  0  0  0  0  0  0  0  0  0  0  0  0  0  0  0  0 128 63  0  0  0  0  0  0  0  0
  2
   0  0 128 63  0  0  0  0  0  0  0  0  0  0  0  0  0  0  0  0  0  0 128 63  0  0  0  0  0  0  0  0
  2
   0  0 128 63  0  0  0  0  0  0  0  0  0  0  0  0  0  0  0  0  0  0 128 63  0  0  0  0  0  0  0  0
  2
   0  0 128 63  0  0  0  0  0  0  0  0  0  0  0  0  0  0  0  0  0  0 128 63  0  0  0  0  0  0  0  0
  2
   0  0 128 63  0  0  0  0  0  0  0  0  0  0  0  0  0  0  0  0  0  0 128 63  0  0  0  0  0  0  0  0
 37   1 0 [ 28 ]  38   [ 27 ]    tell says: 16096 
complex binding sphere    tell says: 16096
+0.11619 -0.05772 +0.14090 +6.94170    tell says: 16112 

