 4   1 3 [ 1 ] 
 0      .....pad
 7   1 0 [ 2 ] 
 0      .....pad
1   [Number of trianglegroups]
 0      .....pad
 11   1 3 [ 3 ] 
 0
 0
 0      .....pad
 88 ...number of triangles    tell says: 97 
  157    158    159
  158    157    156
  153    154    155
  154    153    152
  149    150    151
  150    149    148
  145    146    147
  146    145     39
  144     38    142
  143    142     38
  140     36    141
   36    140     37
  138    175    174
  139    138    174
  172    137    136
  173    172    136
  134    171    170
  135    134    170
  131    133    130
  132    131    130
  127    129    126
  128    127    126
  168    125    124
  169    168    124
  121    123    120
  122    121    120
  117    119    116
  118    117    116
  113    114    115
  114    113    112
  109    110    111
  110    109    108
  105    106    107
  106    105    104
  101    102    103
  102    101     35
   34    100     99
   99     98     34
   32     96     97
   96     32     33
  167     95    166
   95     94    166
   93    165     92
  165    164     92
  163     91    162
   91     90    162
   89     88     86
   88     87     86
   82     85     84
   84     83     82
   78     81     80
   80     79     78
   74     77     76
   76     75     74
   70     73     72
   72     71     70
   69     68     66
   68     67     66
   65    161     64
  161    160     64
   60     63     62
   62     61     60
   58      9     10
   10     59     58
   57     56     54
   56     55     54
   53     52     50
   52     51     50
   48      6      2
    2     49     48
   46      5      1
    1     47     46
   12     13     31
   31     28     12
   21     22     14
   14     15     21
   44     45     30
   30     29     44
   23     20     11
   11      8     23
   26     43     42
   42     27     26
   40     19     18
   18     41     40
   24      7      3
    3     25     24
    4     17     16
   16      0      4
 0 ...groupflag    tell says: 629 
 0 0 0 0 0    .... first time bytes
 10   1 0 [ 4 ]  11   [ 3 ] 
 6   1 0 [ 5 ]  7   [ 2 ] 
176   [Number of vertices]
 0      .....pad
2   [Number of floatpairgroups]
 0      .....pad
 18   1 0 [ 6 ] 
 4   [type identifier]   tell says: 686 
 0      .....pad
176   [Number of vertices]
   0.0707451      1.0000000
   0.2480623      1.0000000
   0.2480623      1.0000000
   0.2480623      1.0000000
   0.0707451      0.9941348
   0.2480623      0.9941348
   0.2480623      0.9941348
   0.2480623      0.9937473
   0.2480623      1.0000000
   0.0707451      1.0000000
   0.0707451      0.9941348
   0.2480623      0.9941348
   0.0778899      1.0000000
   0.0778899      0.9937473
   0.0707451      1.0000000
   0.0707451      0.9941348
   0.2480623      1.0000000
   0.2480623      0.9941348
   0.2480623      1.0000000
   0.2480623      0.9941348
   0.0707451      0.9941348
   0.2480623      0.9941348
   0.2480623      1.0000000
   0.0707451      1.0000000
   0.0827813      0.9937473
   0.0827813      1.0000000
   0.0706945      0.9937473
   0.0706945      1.0000000
   0.2379133      1.0000000
   0.2480624      1.0000000
   0.2480624      0.9937473
   0.2379133      0.9937473
   0.2480624      0.8742250
   0.0824190      0.8742249
   0.0824190      0.8742249
   0.2480623      0.8750000
   0.2480624      0.8742250
   0.0824190      0.8742249
   0.0824190      0.8742249
   0.2480623      0.8750000
   0.0707451      0.9941348
   0.0707451      1.0000000
   0.2379133      1.0000000
   0.2379133      0.9937473
   0.0895271      1.0000000
   0.0895271      0.9937473
   0.0707451      0.9941348
   0.0707451      1.0000000
   0.0707451      0.9941348
   0.0707451      1.0000000
   0.0624321      0.9999999
   0.2480623      0.9998765
   0.2480623      0.9935766
   0.0704648      0.9938857
   0.1377957      1.0000000
   0.1449912      0.9935014
   0.2480623      0.9935014
   0.2480623      1.0000000
   0.2480623      1.0000000
   0.2480623      0.9941348
   0.0707451      0.9941348
   0.0707451      1.0000000
   0.2480623      1.0000000
   0.2480623      0.9941348
   0.0704648      0.9938858
   0.0624321      1.0000000
   0.1449912      0.9935012
   0.1377957      0.9999999
   0.2480623      0.9999999
   0.2480623      0.9935012
   0.0827812      0.9937473
   0.0827812      1.0000000
   0.2480623      1.0000000
   0.2480623      0.9937473
   0.0706944      0.9937473
   0.0706944      1.0000000
   0.2379132      1.0000000
   0.2379132      0.9937473
   0.2428046      1.0000000
   0.2428046      0.9937473
   0.0827813      0.9937473
   0.0827813      1.0000000
   0.2311676      1.0000000
   0.2311676      0.9937473
   0.0706946      0.9937473
   0.0706946      1.0000000
   0.0705123      0.9938129
   0.2480623      0.9936557
   0.2480623      0.9998765
   0.0624321      1.0000000
   0.1445414      0.9935014
   0.1377957      0.9999999
   0.0623475      1.0000000
   0.0704752      0.9938603
   0.1377957      0.9999999
   0.1445414      0.9935013
   0.0824190      0.8493495
   0.2480624      0.8493495
   0.2480623      0.8742249
   0.2480623      0.8493495
   0.0824190      0.8493495
   0.2480623      1.0000000
   0.0625104      0.8750000
   0.0625104      1.0000000
   0.2480623      0.8750000
   0.2480623      1.0000000
   0.0625104      0.8750000
   0.0625104      1.0000000
   0.2480623      0.8750000
   0.2480623      1.0000000
   0.0625104      0.8750000
   0.0625104      1.0000000
   0.2480623      0.8750000
   0.2480623      1.0000000
   0.0625104      0.8750000
   0.0625104      1.0000000
   0.0624321      0.9999999
   0.2480623      0.9935766
   0.2480623      0.9998765
   0.0704648      0.9938857
   0.1377957      1.0000000
   0.2480623      0.9935014
   0.1449912      0.9935014
   0.2480623      1.0000000
   0.0704648      0.9938858
   0.0624321      1.0000000
   0.1449912      0.9935012
   0.2480623      0.9999999
   0.1377957      0.9999999
   0.2480623      0.9935012
   0.0705123      0.9938129
   0.2480623      0.9998765
   0.2480623      0.9936557
   0.0624321      1.0000000
   0.1377957      0.9999999
   0.1445414      0.9935014
   0.0623475      1.0000000
   0.0704752      0.9938603
   0.1445414      0.9935013
   0.1377957      0.9999999
   0.0824190      0.8493495
   0.2480624      0.8493495
   0.2480623      0.8493495
   0.2480623      0.8742249
   0.0824190      0.8493495
   0.0625104      0.8750000
   0.2480623      1.0000000
   0.0625104      1.0000000
   0.2480623      0.8750000
   0.0625104      0.8750000
   0.2480623      1.0000000
   0.0625104      1.0000000
   0.2480623      0.8750000
   0.0625104      0.8750000
   0.2480623      1.0000000
   0.0625104      1.0000000
   0.2480623      0.8750000
   0.0625104      0.8750000
   0.2480623      1.0000000
   0.0625104      1.0000000
   0.2480623      0.9935766
   0.2480623      0.9998765
   0.2480623      0.9935014
   0.2480623      1.0000000
   0.2480623      0.9998765
   0.2480623      0.9936557
   0.2480623      0.9999999
   0.2480623      0.9935012
   0.2480623      0.9998765
   0.2480623      0.9935766
   0.2480623      0.9935014
   0.2480623      1.0000000
   0.2480623      0.9936557
   0.2480623      0.9998765
   0.2480623      0.9999999
   0.2480623      0.9935012

 0 0 0 0    .... footer bytes
 17   1 0 [ 7 ]  18   [ 6 ] 
 18   [ 8 ] 
 1   [type identifier]   tell says: 2128 
176   [Number of vertices]
   0.0000000      0.0000000
   0.0000000      0.0000000
   0.0000000      0.0000000
   0.0000000      0.0000000
   0.0000000      0.0000000
   0.0000000      0.0000000
   0.0000000      0.0000000
   0.0000000      0.0000000
   0.0000000      0.0000000
   0.0000000      0.0000000
   0.0000000      0.0000000
   0.0000000      0.0000000
   0.0000000      0.0000000
   0.0000000      0.0000000
   0.0000000      0.0000000
   0.0000000      0.0000000
   0.0000000      0.0000000
   0.0000000      0.0000000
   0.0000000      0.0000000
   0.0000000      0.0000000
   0.0000000      0.0000000
   0.0000000      0.0000000
   0.0000000      0.0000000
   0.0000000      0.0000000
   0.0000000      0.0000000
   0.0000000      0.0000000
   0.0000000      0.0000000
   0.0000000      0.0000000
   0.0000000      0.0000000
   0.0000000      0.0000000
   0.0000000      0.0000000
   0.0000000      0.0000000
   0.0000000      0.0000000
   0.0000000      0.0000000
   0.0000000      0.0000000
   0.0000000      0.0000000
   0.0000000      0.0000000
   0.0000000      0.0000000
   0.0000000      0.0000000
   0.0000000      0.0000000
   0.0000000      0.0000000
   0.0000000      0.0000000
   0.0000000      0.0000000
   0.0000000      0.0000000
   0.0000000      0.0000000
   0.0000000      0.0000000
   0.0000000      0.0000000
   0.0000000      0.0000000
   0.0000000      0.0000000
   0.0000000      0.0000000
   0.0000000      0.0000000
   0.0000000      0.0000000
   0.0000000      0.0000000
   0.0000000      0.0000000
   0.0000000      0.0000000
   0.0000000      0.0000000
   0.0000000      0.0000000
   0.0000000      0.0000000
   0.0000000      0.0000000
   0.0000000      0.0000000
   0.0000000      0.0000000
   0.0000000      0.0000000
   0.0000000      0.0000000
   0.0000000      0.0000000
   0.0000000      0.0000000
   0.0000000      0.0000000
   0.0000000      0.0000000
   0.0000000      0.0000000
   0.0000000      0.0000000
   0.0000000      0.0000000
   0.0000000      0.0000000
   0.0000000      0.0000000
   0.0000000      0.0000000
   0.0000000      0.0000000
   0.0000000      0.0000000
   0.0000000      0.0000000
   0.0000000      0.0000000
   0.0000000      0.0000000
   0.0000000      0.0000000
   0.0000000      0.0000000
   0.0000000      0.0000000
   0.0000000      0.0000000
   0.0000000      0.0000000
   0.0000000      0.0000000
   0.0000000      0.0000000
   0.0000000      0.0000000
   0.0000000      0.0000000
   0.0000000      0.0000000
   0.0000000      0.0000000
   0.0000000      0.0000000
   0.0000000      0.0000000
   0.0000000      0.0000000
   0.0000000      0.0000000
   0.0000000      0.0000000
   0.0000000      0.0000000
   0.0000000      0.0000000
   0.0000000      0.0000000
   0.0000000      0.0000000
   0.0000000      0.0000000
   0.0000000      0.0000000
   0.0000000      0.0000000
   0.0000000      0.0000000
   0.0000000      0.0000000
   0.0000000      0.0000000
   0.0000000      0.0000000
   0.0000000      0.0000000
   0.0000000      0.0000000
   0.0000000      0.0000000
   0.0000000      0.0000000
   0.0000000      0.0000000
   0.0000000      0.0000000
   0.0000000      0.0000000
   0.0000000      0.0000000
   0.0000000      0.0000000
   0.0000000      0.0000000
   0.0000000      0.0000000
   0.0000000      0.0000000
   0.0000000      0.0000000
   0.0000000      0.0000000
   0.0000000      0.0000000
   0.0000000      0.0000000
   0.0000000      0.0000000
   0.0000000      0.0000000
   0.0000000      0.0000000
   0.0000000      0.0000000
   0.0000000      0.0000000
   0.0000000      0.0000000
   0.0000000      0.0000000
   0.0000000      0.0000000
   0.0000000      0.0000000
   0.0000000      0.0000000
   0.0000000      0.0000000
   0.0000000      0.0000000
   0.0000000      0.0000000
   0.0000000      0.0000000
   0.0000000      0.0000000
   0.0000000      0.0000000
   0.0000000      0.0000000
   0.0000000      0.0000000
   0.0000000      0.0000000
   0.0000000      0.0000000
   0.0000000      0.0000000
   0.0000000      0.0000000
   0.0000000      0.0000000
   0.0000000      0.0000000
   0.0000000      0.0000000
   0.0000000      0.0000000
   0.0000000      0.0000000
   0.0000000      0.0000000
   0.0000000      0.0000000
   0.0000000      0.0000000
   0.0000000      0.0000000
   0.0000000      0.0000000
   0.0000000      0.0000000
   0.0000000      0.0000000
   0.0000000      0.0000000
   0.0000000      0.0000000
   0.0000000      0.0000000
   0.0000000      0.0000000
   0.0000000      0.0000000
   0.0000000      0.0000000
   0.0000000      0.0000000
   0.0000000      0.0000000
   0.0000000      0.0000000
   0.0000000      0.0000000
   0.0000000      0.0000000
   0.0000000      0.0000000
   0.0000000      0.0000000
   0.0000000      0.0000000
   0.0000000      0.0000000
   0.0000000      0.0000000
   0.0000000      0.0000000
   0.0000000      0.0000000
   0.0000000      0.0000000
   0.0000000      0.0000000
   0.0000000      0.0000000

 0 0 0 0    .... footer bytes
 17   [ 9 ]  18   [ 8 ] 
 0      .....pad
1   [Number of floattriplesgroups]
 0      .....pad
 23   1 0 [ 10 ] 
 0   [type identifier]   tell says: 3576 
 0      .....pad
176   [Number of vertices]
  -5.9578462     -0.3066483      0.1359712
   5.9578462     -0.3066483      0.1359712
  -5.9578462      6.8744268      0.1359708
   5.9578462      6.8744268      0.1359708
  -5.9578462     -0.3066487     -0.1359711
   5.9578462     -0.3066487     -0.1359711
  -5.9578462      6.8744268     -0.1359714
   5.9578462      6.8744268     -0.1359714
  -5.7132001     -0.0907840      0.1359711
   5.7132001     -0.0907840      0.1359711
   5.7132001     -0.0907840     -0.1359711
  -5.7132001     -0.0907840     -0.1359711
   5.7132001      6.6441727      0.1359709
   5.7132001      6.6441727     -0.1359714
  -5.7132001      6.6441727      0.1359708
  -5.7132001      6.6441727     -0.1359714
   0.0000000     -0.3066483      0.1359712
   0.0000000     -0.3066487     -0.1359711
   0.0000000      6.8744268      0.1359708
   0.0000000      6.8744268     -0.1359714
   0.0000000     -0.0907840     -0.1359711
   0.0000000      6.6441727     -0.1359714
   0.0000000      6.6441727      0.1359708
   0.0000000     -0.0907840      0.1359711
   5.9578462      3.2838895     -0.1359713
   5.9578462      3.2838895      0.1359710
  -5.9578462      3.2838895     -0.1359713
  -5.9578462      3.2838895      0.1359710
   5.7132001      3.2820904      0.1359710
  -5.7132001      3.2820904      0.1359710
  -5.7132001      3.2802916     -0.1359712
   5.7132001      3.2802920     -0.1359713
   5.9578462     -1.2053074     -0.1370317
   0.0000000     -1.2053074     -0.1370317
  -5.9578462     -1.2053074     -0.1370317
   0.0000000      3.2766941     -0.1359712
   5.9578462     -1.2053070      0.1370318
   0.0000000     -1.2053070      0.1370318
  -5.9578462     -1.2053070      0.1370318
   0.0000000      3.2766938      0.1359709
   5.9578462      6.8744268     -0.1359714
   5.9578462      6.8744268      0.1359708
  -5.9578462     -0.3066483      0.1359712
  -5.9578462     -0.3066487     -0.1359711
  -5.7132001     -0.0907840      0.1359711
  -5.7132001     -0.0907840     -0.1359711
   0.0000000     -0.3066487     -0.1359711
   0.0000000     -0.3066483      0.1359712
   0.0000000      6.8744268     -0.1359714
   0.0000000      6.8744268      0.1359708
   5.9578462      6.8744268     -0.1359714
   0.0000000      6.8744268     -0.1359714
   0.0000000      6.6441727     -0.1359714
   5.7132001      6.6441727     -0.1359714
   5.9578462      6.8744268     -0.1359714
   5.7132001      6.6441727     -0.1359714
   5.7132001      3.2802920     -0.1359713
   5.9578462      3.2838895     -0.1359713
   0.0000000     -0.0907840      0.1359711
   0.0000000     -0.0907840     -0.1359711
   0.0000000      6.6441727     -0.1359714
   0.0000000      6.6441727      0.1359708
   5.7132001      6.6441727      0.1359709
   5.7132001      6.6441727     -0.1359714
  -5.7132001      6.6441727     -0.1359714
  -5.9578462      6.8744268     -0.1359714
  -5.7132001      6.6441727     -0.1359714
  -5.9578462      6.8744268     -0.1359714
  -5.9578462      3.2838895     -0.1359713
  -5.7132001      3.2802916     -0.1359712
   5.9578462     -0.3066487     -0.1359711
   5.9578462     -0.3066483      0.1359712
   5.9578462      3.2838895      0.1359710
   5.9578462      3.2838895     -0.1359713
  -5.9578462      6.8744268     -0.1359714
  -5.9578462      6.8744268      0.1359708
  -5.9578462      3.2838895      0.1359710
  -5.9578462      3.2838895     -0.1359713
  -5.7132001      6.6441727      0.1359708
  -5.7132001      6.6441727     -0.1359714
  -5.7132001      3.2802916     -0.1359712
  -5.7132001      3.2820904      0.1359710
   5.7132001     -0.0907840      0.1359711
   5.7132001     -0.0907840     -0.1359711
   5.7132001      3.2802920     -0.1359713
   5.7132001      3.2820904      0.1359710
   5.7132001     -0.0907840     -0.1359711
   0.0000000     -0.0907840     -0.1359711
   0.0000000     -0.3066487     -0.1359711
   5.9578462     -0.3066487     -0.1359711
   5.7132001     -0.0907840     -0.1359711
   5.9578462     -0.3066487     -0.1359711
  -5.9578462     -0.3066487     -0.1359711
  -5.7132001     -0.0907840     -0.1359711
  -5.9578462     -0.3066487     -0.1359711
  -5.7132001     -0.0907840     -0.1359711
   0.0000000     -0.3066487     -0.1359711
   5.9578462     -0.3066487     -0.1359711
   0.0000000     -1.2053074     -0.1370317
   0.0000000     -0.3066487     -0.1359711
  -5.9578462     -0.3066487     -0.1359711
   0.0000000     -0.0907840     -0.1359711
   5.7132001      3.2802920     -0.1359713
   5.7132001     -0.0907840     -0.1359711
   0.0000000      6.6441727     -0.1359714
   0.0000000      3.2766941     -0.1359712
   5.7132001      6.6441727     -0.1359714
   5.7132001      3.2802920     -0.1359713
  -5.7132001      3.2802916     -0.1359712
  -5.7132001     -0.0907840     -0.1359711
   0.0000000      3.2766941     -0.1359712
   0.0000000     -0.0907840     -0.1359711
  -5.7132001      6.6441727     -0.1359714
  -5.7132001      3.2802916     -0.1359712
   0.0000000      6.6441727     -0.1359714
   0.0000000      3.2766941     -0.1359712
   5.9578462      6.8744268      0.1359708
   0.0000000      6.6441727      0.1359708
   0.0000000      6.8744268      0.1359708
   5.7132001      6.6441727      0.1359709
   5.9578462      6.8744268      0.1359708
   5.7132001      3.2820904      0.1359710
   5.7132001      6.6441727      0.1359709
   5.9578462      3.2838895      0.1359710
  -5.7132001      6.6441727      0.1359708
  -5.9578462      6.8744268      0.1359708
  -5.7132001      6.6441727      0.1359708
  -5.9578462      3.2838895      0.1359710
  -5.9578462      6.8744268      0.1359708
  -5.7132001      3.2820904      0.1359710
   5.7132001     -0.0907840      0.1359711
   0.0000000     -0.3066483      0.1359712
   0.0000000     -0.0907840      0.1359711
   5.9578462     -0.3066483      0.1359712
   5.9578462     -0.3066483      0.1359712
   5.7132001     -0.0907840      0.1359711
  -5.9578462     -0.3066483      0.1359712
  -5.7132001     -0.0907840      0.1359711
  -5.7132001     -0.0907840      0.1359711
  -5.9578462     -0.3066483      0.1359712
   0.0000000     -0.3066483      0.1359712
   5.9578462     -0.3066483      0.1359712
   0.0000000     -0.3066483      0.1359712
   0.0000000     -1.2053070      0.1370318
  -5.9578462     -0.3066483      0.1359712
   5.7132001      3.2820904      0.1359710
   0.0000000     -0.0907840      0.1359711
   5.7132001     -0.0907840      0.1359711
   0.0000000      6.6441727      0.1359708
   5.7132001      6.6441727      0.1359709
   0.0000000      3.2766938      0.1359709
   5.7132001      3.2820904      0.1359710
  -5.7132001      3.2820904      0.1359710
   0.0000000      3.2766938      0.1359709
  -5.7132001     -0.0907840      0.1359711
   0.0000000     -0.0907840      0.1359711
  -5.7132001      6.6441727      0.1359708
   0.0000000      6.6441727      0.1359708
  -5.7132001      3.2820904      0.1359710
   0.0000000      3.2766938      0.1359709
   0.0000000      6.6441727     -0.1359714
   0.0000000      6.8744268     -0.1359714
   5.7132001      3.2802920     -0.1359713
   5.9578462      3.2838895     -0.1359713
   0.0000000     -0.3066487     -0.1359711
   0.0000000     -0.0907840     -0.1359711
  -5.9578462      3.2838895     -0.1359713
  -5.7132001      3.2802916     -0.1359712
   0.0000000      6.8744268      0.1359708
   0.0000000      6.6441727      0.1359708
   5.7132001      3.2820904      0.1359710
   5.9578462      3.2838895      0.1359710
   0.0000000     -0.0907840      0.1359711
   0.0000000     -0.3066483      0.1359712
  -5.9578462      3.2838895      0.1359710
  -5.7132001      3.2820904      0.1359710

 0 0 0 0    .... footer bytes
 22   1 0 [ 11 ]  23   [ 10 ] 
 0      .....pad
7   [Number of bytequadgroups]
 0      .....pad
 28   1 0 [ 12 ] 
 3   [type identifier]   tell says: 5732 
 0      .....pad
176   [Number of vertices]
 127    0  127    0
 127    0  127    0
 127  255  127    0
 127  127  255    0
 127    0  127    0
 127    0  127    0
 127  255  127    0
 127  127  255    0
 127  255  127    0
 127  255  127    0
 127  255  127    0
 127  255  127    0
 127  127    0    0
 127  127    0    0
 127    0  127    0
 127    0  127    0
 127    0  127    0
 127    0  127    0
 127  255  127    0
 127  255  127    0
 127  255  127    0
 127    0  127    0
 127    0  127    0
 127  255  127    0
 127  127  255    0
 127  127  255    0
 127  127    0    0
 127  127    0    0
 127  127    0    0
 127  127  255    0
 127  127  255    0
 127  127    0    0
   0  127  127    0
   0  127  127    0
   0  127  127    0
   0  127  127    0
 254  127  127    0
 254  127  127    0
 254  127  127    0
 255  127  127    0
 127  255  127    0
 127  255  127    0
 127  127    0    0
 127  127    0    0
 127  127  255    0
 127  127  255    0
 127    0  127    0
 127    0  127    0
 127  255  127    0
 127  255  127    0
   0  127  127    0
   0  127  127    0
   0  127  127    0
   0  127  127    0
   0  127  127    0
   0  127  127    0
   0  127  127    0
   0  127  127    0
 127  255  127    0
 127  255  127    0
 127    0  127    0
 127    0  127    0
 127    0  127    0
 127    0  127    0
   0  127  127    0
   0  127  127    0
   0  127  127    0
   0  127  127    0
   0  127  127    0
   0  127  127    0
 127  127  255    0
 127  127  255    0
 127  127  255    0
 127  127  255    0
 127  127    0    0
 127  127    0    0
 127  127    0    0
 127  127    0    0
 127  127  255    0
 127  127  255    0
 127  127  255    0
 127  127  255    0
 127  127    0    0
 127  127    0    0
 127  127    0    0
 127  127    0    0
   0  127  127    0
   0  127  127    0
   0  127  127    0
   0  127  127    0
   0  127  127    0
   0  127  127    0
   0  127  127    0
   0  127  127    0
   0  127  127    0
   0  127  127    0
   0  127  127    0
   0  127  127    0
   0  127  127    0
   0  127  127    0
   0  127  127    0
   0  127  127    0
   0  127  127    0
   0  127  127    0
   0  127  127    0
   0  127  127    0
   0  127  127    0
   0  127  127    0
   0  127  127    0
   0  127  127    0
   0  127  127    0
   0  127  127    0
   0  127  127    0
   0  127  127    0
   0  127  127    0
   0  127  127    0
 255  127  127    0
 255  127  127    0
 255  127  127    0
 255  127  127    0
 255  127  127    0
 255  127  127    0
 255  127  127    0
 255  127  127    0
 255  127  127    0
 255  127  127    0
 255  127  127    0
 255  127  127    0
 255  127  127    0
 255  127  127    0
 255  127  127    0
 255  127  127    0
 255  127  127    0
 255  127  127    0
 255  127  127    0
 255  127  127    0
 255  127  127    0
 255  127  127    0
 255  127  127    0
 255  127  127    0
 254  127  127    0
 254  127  127    0
 254  127  127    0
 254  127  127    0
 254  127  127    0
 255  127  127    0
 255  127  127    0
 255  127  127    0
 255  127  127    0
 255  127  127    0
 255  127  127    0
 255  127  127    0
 255  127  127    0
 255  127  127    0
 255  127  127    0
 255  127  127    0
 255  127  127    0
 255  127  127    0
 255  127  127    0
 255  127  127    0
   0  127  127    0
   0  127  127    0
   0  127  127    0
   0  127  127    0
   0  127  127    0
   0  127  127    0
   0  127  127    0
   0  127  127    0
 255  127  127    0
 255  127  127    0
 255  127  127    0
 255  127  127    0
 255  127  127    0
 255  127  127    0
 255  127  127    0
 255  127  127    0

 0 0 0 0    .... footer bytes
 27   1 0 [ 13 ]  28   [ 12 ]    tell says: 6460 
 28   [ 14 ] 
 10   [type identifier]   tell says: 6470 
176   [Number of vertices]
 127  127    0    0
 127  127    0    0
 127  127  255    0
 127    0  127    0
 127  127    0    0
 127  127    0    0
 127  127  255    0
 127    0  127    0
 127  127  255    0
 127  127  255    0
 127  127  255    0
 127  127  255    0
 127  255  127    0
 127  255  127    0
 127  127    0    0
 127  127    0    0
 127  127    0    0
 127  127    0    0
 127  127  255    0
 127  127  255    0
 127  127  255    0
 127  127    0    0
 127  127    0    0
 127  127  255    0
 127    0  127    0
 127    0  127    0
 127  255  127    0
 127  255  127    0
 127  255  127    0
 127    0  127    0
 127    0  127    0
 127  255  127    0
 127  127    0    0
 127  127    0    0
 127  127    0    0
 127  127  255    0
 127  127    0    0
 127  127    0    0
 127  127    0    0
 127  127  255    0
 127  127  255    0
 127  127  255    0
 127  255  127    0
 127  255  127    0
 127    0  127    0
 127    0  127    0
 127  127    0    0
 127  127    0    0
 127  127  255    0
 127  127  255    0
 127  127  254    0
 127  127  255    0
 127  127  255    0
 127  127  254    0
 127  255  127    0
 127  255  127    0
 127  255  127    0
 127  255  127    0
 127  127  255    0
 127  127  255    0
 127  127    0    0
 127  127    0    0
 127  127    0    0
 127  127    0    0
 127  127    0    0
 127  127    0    0
 127  255  127    0
 127  255  127    0
 127  255  127    0
 127  255  127    0
 127    0  127    0
 127    0  127    0
 127    0  127    0
 127    0  127    0
 127  255  127    0
 127  255  127    0
 127  255  127    0
 127  255  127    0
 127    0  127    0
 127    0  127    0
 127    0  127    0
 127    0  127    0
 127  255  127    0
 127  255  127    0
 127  255  127    0
 127  255  127    0
 127  127  255    0
 127  127  255    0
 127  127  255    0
 127  127  254    0
 127    0  127    0
 127    0  127    0
 127  127    0    0
 127  127    0    0
 127    0  127    0
 127    0  127    0
 127  127    0    0
 127  127    0    0
 127  127    0    0
 127  127    0    0
 127  127    0    0
 127  127  255    0
 127  127  254    0
 127  127  255    0
 127  127  255    0
 127  127  255    0
 127  127  254    0
 127  127  254    0
 127  127  254    0
 127  127  254    0
 127  127  255    0
 127  127  255    0
 127  127  254    0
 127  127  254    0
 127  127  255    0
 127  127  255    0
 127  127  254    0
 127  127  255    0
 127  127  255    0
 127  127  254    0
 127  255  127    0
 127  255  127    0
 127  255  127    0
 127  255  127    0
 127  127    0    0
 127  127    0    0
 127  255  127    0
 127  255  127    0
 127  255  127    0
 127  255  127    0
 127  127  255    0
 127  127  255    0
 127  127  255    0
 127  127  254    0
 127    0  127    0
 127    0  127    0
 127  127    0    0
 127  127    0    0
 127    0  127    0
 127    0  127    0
 127  127    0    0
 127  127    0    0
 127  127    0    0
 127  127    0    0
 127  127    0    0
 127  127  254    0
 127  127  255    0
 127  127  255    0
 127  127  255    0
 127  127  254    0
 127  127  255    0
 127  127  254    0
 127  127  254    0
 127  127  255    0
 127  127  254    0
 127  127  255    0
 127  127  254    0
 127  127  255    0
 127  127  254    0
 127  127  255    0
 127  127    0    0
 127  127    0    0
 127    0  127    0
 127    0  127    0
 127  127    0    0
 127  127    0    0
 127    0  127    0
 127    0  127    0
 127  127    0    0
 127  127    0    0
 127    0  127    0
 127    0  127    0
 127  127    0    0
 127  127    0    0
 127    0  127    0
 127    0  127    0

 0 0 0 0    .... footer bytes
 27   [ 15 ]  28   [ 14 ]    tell says: 7194 
 28   [ 16 ] 
 8   [type identifier]   tell says: 7204 
176   [Number of vertices]
   0    0    0  255
   0    0    0  255
   0    0    0  255
   0    0    0  255
   0    0    0  255
   0    0    0  255
   0    0    0  255
   0    0    0  255
   0    0    0  255
   0    0    0  255
   0    0    0  255
   0    0    0  255
   0    0    0  255
   0    0    0  255
   0    0    0  255
   0    0    0  255
   0    0    0  255
   0    0    0  255
   0    0    0  255
   0    0    0  255
   0    0    0  255
   0    0    0  255
   0    0    0  255
   0    0    0  255
   0    0    0  255
   0    0    0  255
   0    0    0  255
   0    0    0  255
   0    0    0  255
   0    0    0  255
   0    0    0  255
   0    0    0  255
   0    0    0  255
   0    0    0  255
   0    0    0  255
   0    0    0  255
   0    0    0  255
   0    0    0  255
   0    0    0  255
   0    0    0  255
   0    0    0  255
   0    0    0  255
   0    0    0  255
   0    0    0  255
   0    0    0  255
   0    0    0  255
   0    0    0  255
   0    0    0  255
   0    0    0  255
   0    0    0  255
   0    0    0  255
   0    0    0  255
   0    0    0  255
   0    0    0  255
   0    0    0  255
   0    0    0  255
   0    0    0  255
   0    0    0  255
   0    0    0  255
   0    0    0  255
   0    0    0  255
   0    0    0  255
   0    0    0  255
   0    0    0  255
   0    0    0  255
   0    0    0  255
   0    0    0  255
   0    0    0  255
   0    0    0  255
   0    0    0  255
   0    0    0  255
   0    0    0  255
   0    0    0  255
   0    0    0  255
   0    0    0  255
   0    0    0  255
   0    0    0  255
   0    0    0  255
   0    0    0  255
   0    0    0  255
   0    0    0  255
   0    0    0  255
   0    0    0  255
   0    0    0  255
   0    0    0  255
   0    0    0  255
   0    0    0  255
   0    0    0  255
   0    0    0  255
   0    0    0  255
   0    0    0  255
   0    0    0  255
   0    0    0  255
   0    0    0  255
   0    0    0  255
   0    0    0  255
   0    0    0  255
   0    0    0  255
   0    0    0  255
   0    0    0  255
   0    0    0  255
   0    0    0  255
   0    0    0  255
   0    0    0  255
   0    0    0  255
   0    0    0  255
   0    0    0  255
   0    0    0  255
   0    0    0  255
   0    0    0  255
   0    0    0  255
   0    0    0  255
   0    0    0  255
   0    0    0  255
   0    0    0  255
   0    0    0  255
   0    0    0  255
   0    0    0  255
   0    0    0  255
   0    0    0  255
   0    0    0  255
   0    0    0  255
   0    0    0  255
   0    0    0  255
   0    0    0  255
   0    0    0  255
   0    0    0  255
   0    0    0  255
   0    0    0  255
   0    0    0  255
   0    0    0  255
   0    0    0  255
   0    0    0  255
   0    0    0  255
   0    0    0  255
   0    0    0  255
   0    0    0  255
   0    0    0  255
   0    0    0  255
   0    0    0  255
   0    0    0  255
   0    0    0  255
   0    0    0  255
   0    0    0  255
   0    0    0  255
   0    0    0  255
   0    0    0  255
   0    0    0  255
   0    0    0  255
   0    0    0  255
   0    0    0  255
   0    0    0  255
   0    0    0  255
   0    0    0  255
   0    0    0  255
   0    0    0  255
   0    0    0  255
   0    0    0  255
   0    0    0  255
   0    0    0  255
   0    0    0  255
   0    0    0  255
   0    0    0  255
   0    0    0  255
   0    0    0  255
   0    0    0  255
   0    0    0  255
   0    0    0  255
   0    0    0  255
   0    0    0  255
   0    0    0  255
   0    0    0  255
   0    0    0  255
   0    0    0  255
   0    0    0  255
   0    0    0  255

 0 0 0 0    .... footer bytes
 27   [ 17 ]  28   [ 16 ]    tell says: 7928 
 28   [ 18 ] 
 9   [type identifier]   tell says: 7938 
176   [Number of vertices]
   0    0    0    0
   0    0    0    0
   0    0    0    0
   0    0    0    0
   0    0    0    0
   0    0    0    0
   0    0    0    0
   0    0    0    0
   0    0    0    0
   0    0    0    0
   0    0    0    0
   0    0    0    0
   0    0    0    0
   0    0    0    0
   0    0    0    0
   0    0    0    0
   0    0    0    0
   0    0    0    0
   0    0    0    0
   0    0    0    0
   0    0    0    0
   0    0    0    0
   0    0    0    0
   0    0    0    0
   0    0    0    0
   0    0    0    0
   0    0    0    0
   0    0    0    0
   0    0    0    0
   0    0    0    0
   0    0    0    0
   0    0    0    0
   0    0    0    0
   0    0    0    0
   0    0    0    0
   0    0    0    0
   0    0    0    0
   0    0    0    0
   0    0    0    0
   0    0    0    0
   0    0    0    0
   0    0    0    0
   0    0    0    0
   0    0    0    0
   0    0    0    0
   0    0    0    0
   0    0    0    0
   0    0    0    0
   0    0    0    0
   0    0    0    0
   0    0    0    0
   0    0    0    0
   0    0    0    0
   0    0    0    0
   0    0    0    0
   0    0    0    0
   0    0    0    0
   0    0    0    0
   0    0    0    0
   0    0    0    0
   0    0    0    0
   0    0    0    0
   0    0    0    0
   0    0    0    0
   0    0    0    0
   0    0    0    0
   0    0    0    0
   0    0    0    0
   0    0    0    0
   0    0    0    0
   0    0    0    0
   0    0    0    0
   0    0    0    0
   0    0    0    0
   0    0    0    0
   0    0    0    0
   0    0    0    0
   0    0    0    0
   0    0    0    0
   0    0    0    0
   0    0    0    0
   0    0    0    0
   0    0    0    0
   0    0    0    0
   0    0    0    0
   0    0    0    0
   0    0    0    0
   0    0    0    0
   0    0    0    0
   0    0    0    0
   0    0    0    0
   0    0    0    0
   0    0    0    0
   0    0    0    0
   0    0    0    0
   0    0    0    0
   0    0    0    0
   0    0    0    0
   0    0    0    0
   0    0    0    0
   0    0    0    0
   0    0    0    0
   0    0    0    0
   0    0    0    0
   0    0    0    0
   0    0    0    0
   0    0    0    0
   0    0    0    0
   0    0    0    0
   0    0    0    0
   0    0    0    0
   0    0    0    0
   0    0    0    0
   0    0    0    0
   0    0    0    0
   0    0    0    0
   0    0    0    0
   0    0    0    0
   0    0    0    0
   0    0    0    0
   0    0    0    0
   0    0    0    0
   0    0    0    0
   0    0    0    0
   0    0    0    0
   0    0    0    0
   0    0    0    0
   0    0    0    0
   0    0    0    0
   0    0    0    0
   0    0    0    0
   0    0    0    0
   0    0    0    0
   0    0    0    0
   0    0    0    0
   0    0    0    0
   0    0    0    0
   0    0    0    0
   0    0    0    0
   0    0    0    0
   0    0    0    0
   0    0    0    0
   0    0    0    0
   0    0    0    0
   0    0    0    0
   0    0    0    0
   0    0    0    0
   0    0    0    0
   0    0    0    0
   0    0    0    0
   0    0    0    0
   0    0    0    0
   0    0    0    0
   0    0    0    0
   0    0    0    0
   0    0    0    0
   0    0    0    0
   0    0    0    0
   0    0    0    0
   0    0    0    0
   0    0    0    0
   0    0    0    0
   0    0    0    0
   0    0    0    0
   0    0    0    0
   0    0    0    0
   0    0    0    0
   0    0    0    0
   0    0    0    0
   0    0    0    0
   0    0    0    0
   0    0    0    0
   0    0    0    0
   0    0    0    0
   0    0    0    0
   0    0    0    0

 0 0 0 0    .... footer bytes
 27   [ 19 ]  28   [ 18 ]    tell says: 8662 
 28   [ 20 ] 
 13   [type identifier]   tell says: 8672 
176   [Number of vertices]
   2    0    0    0
   2    0    0    0
   2    0    0    0
   2    0    0    0
   2    0    0    0
   2    0    0    0
   2    0    0    0
   2    0    0    0
   2    0    0    0
   2    0    0    0
   2    0    0    0
   2    0    0    0
   2    0    0    0
   2    0    0    0
   2    0    0    0
   2    0    0    0
   2    0    0    0
   2    0    0    0
   2    0    0    0
   2    0    0    0
   2    0    0    0
   2    0    0    0
   2    0    0    0
   2    0    0    0
   2    0    0    0
   2    0    0    0
   2    0    0    0
   2    0    0    0
   2    0    0    0
   2    0    0    0
   2    0    0    0
   2    0    0    0
   2    0    0    0
   2    0    0    0
   2    0    0    0
   2    0    0    0
   2    0    0    0
   2    0    0    0
   2    0    0    0
   2    0    0    0
   2    0    0    0
   2    0    0    0
   2    0    0    0
   2    0    0    0
   2    0    0    0
   2    0    0    0
   2    0    0    0
   2    0    0    0
   2    0    0    0
   2    0    0    0
   2    0    0    0
   2    0    0    0
   2    0    0    0
   2    0    0    0
   2    0    0    0
   2    0    0    0
   2    0    0    0
   2    0    0    0
   2    0    0    0
   2    0    0    0
   2    0    0    0
   2    0    0    0
   2    0    0    0
   2    0    0    0
   2    0    0    0
   2    0    0    0
   2    0    0    0
   2    0    0    0
   2    0    0    0
   2    0    0    0
   2    0    0    0
   2    0    0    0
   2    0    0    0
   2    0    0    0
   2    0    0    0
   2    0    0    0
   2    0    0    0
   2    0    0    0
   2    0    0    0
   2    0    0    0
   2    0    0    0
   2    0    0    0
   2    0    0    0
   2    0    0    0
   2    0    0    0
   2    0    0    0
   2    0    0    0
   2    0    0    0
   2    0    0    0
   2    0    0    0
   2    0    0    0
   2    0    0    0
   2    0    0    0
   2    0    0    0
   2    0    0    0
   2    0    0    0
   2    0    0    0
   2    0    0    0
   2    0    0    0
   2    0    0    0
   2    0    0    0
   2    0    0    0
   2    0    0    0
   2    0    0    0
   2    0    0    0
   2    0    0    0
   2    0    0    0
   2    0    0    0
   2    0    0    0
   2    0    0    0
   2    0    0    0
   2    0    0    0
   2    0    0    0
   2    0    0    0
   2    0    0    0
   2    0    0    0
   2    0    0    0
   2    0    0    0
   2    0    0    0
   2    0    0    0
   2    0    0    0
   2    0    0    0
   2    0    0    0
   2    0    0    0
   2    0    0    0
   2    0    0    0
   2    0    0    0
   2    0    0    0
   2    0    0    0
   2    0    0    0
   2    0    0    0
   2    0    0    0
   2    0    0    0
   2    0    0    0
   2    0    0    0
   2    0    0    0
   2    0    0    0
   2    0    0    0
   2    0    0    0
   2    0    0    0
   2    0    0    0
   2    0    0    0
   2    0    0    0
   2    0    0    0
   2    0    0    0
   2    0    0    0
   2    0    0    0
   2    0    0    0
   2    0    0    0
   2    0    0    0
   2    0    0    0
   2    0    0    0
   2    0    0    0
   2    0    0    0
   2    0    0    0
   2    0    0    0
   2    0    0    0
   2    0    0    0
   2    0    0    0
   2    0    0    0
   2    0    0    0
   2    0    0    0
   2    0    0    0
   2    0    0    0
   2    0    0    0
   2    0    0    0
   2    0    0    0
   2    0    0    0
   2    0    0    0
   2    0    0    0
   2    0    0    0
   2    0    0    0
   2    0    0    0
   2    0    0    0
   2    0    0    0
   2    0    0    0

 0 0 0 0    .... footer bytes
 27   [ 21 ]  28   [ 20 ]    tell says: 9396 
 28   [ 22 ] 
 14   [type identifier]   tell says: 9406 
176   [Number of vertices]
   2    0    0    0
   2    0    0    0
   2    0    0    0
   2    0    0    0
   2    0    0    0
   2    0    0    0
   2    0    0    0
   2    0    0    0
   2    0    0    0
   2    0    0    0
   2    0    0    0
   2    0    0    0
   2    0    0    0
   2    0    0    0
   2    0    0    0
   2    0    0    0
   2    0    0    0
   2    0    0    0
   2    0    0    0
   2    0    0    0
   2    0    0    0
   2    0    0    0
   2    0    0    0
   2    0    0    0
   2    0    0    0
   2    0    0    0
   2    0    0    0
   2    0    0    0
   2    0    0    0
   2    0    0    0
   2    0    0    0
   2    0    0    0
   2    0    0    0
   2    0    0    0
   2    0    0    0
   2    0    0    0
   2    0    0    0
   2    0    0    0
   2    0    0    0
   2    0    0    0
   2    0    0    0
   2    0    0    0
   2    0    0    0
   2    0    0    0
   2    0    0    0
   2    0    0    0
   2    0    0    0
   2    0    0    0
   2    0    0    0
   2    0    0    0
   2    0    0    0
   2    0    0    0
   2    0    0    0
   2    0    0    0
   2    0    0    0
   2    0    0    0
   2    0    0    0
   2    0    0    0
   2    0    0    0
   2    0    0    0
   2    0    0    0
   2    0    0    0
   2    0    0    0
   2    0    0    0
   2    0    0    0
   2    0    0    0
   2    0    0    0
   2    0    0    0
   2    0    0    0
   2    0    0    0
   2    0    0    0
   2    0    0    0
   2    0    0    0
   2    0    0    0
   2    0    0    0
   2    0    0    0
   2    0    0    0
   2    0    0    0
   2    0    0    0
   2    0    0    0
   2    0    0    0
   2    0    0    0
   2    0    0    0
   2    0    0    0
   2    0    0    0
   2    0    0    0
   2    0    0    0
   2    0    0    0
   2    0    0    0
   2    0    0    0
   2    0    0    0
   2    0    0    0
   2    0    0    0
   2    0    0    0
   2    0    0    0
   2    0    0    0
   2    0    0    0
   2    0    0    0
   2    0    0    0
   2    0    0    0
   2    0    0    0
   2    0    0    0
   2    0    0    0
   2    0    0    0
   2    0    0    0
   2    0    0    0
   2    0    0    0
   2    0    0    0
   2    0    0    0
   2    0    0    0
   2    0    0    0
   2    0    0    0
   2    0    0    0
   2    0    0    0
   2    0    0    0
   2    0    0    0
   2    0    0    0
   2    0    0    0
   2    0    0    0
   2    0    0    0
   2    0    0    0
   2    0    0    0
   2    0    0    0
   2    0    0    0
   2    0    0    0
   2    0    0    0
   2    0    0    0
   2    0    0    0
   2    0    0    0
   2    0    0    0
   2    0    0    0
   2    0    0    0
   2    0    0    0
   2    0    0    0
   2    0    0    0
   2    0    0    0
   2    0    0    0
   2    0    0    0
   2    0    0    0
   2    0    0    0
   2    0    0    0
   2    0    0    0
   2    0    0    0
   2    0    0    0
   2    0    0    0
   2    0    0    0
   2    0    0    0
   2    0    0    0
   2    0    0    0
   2    0    0    0
   2    0    0    0
   2    0    0    0
   2    0    0    0
   2    0    0    0
   2    0    0    0
   2    0    0    0
   2    0    0    0
   2    0    0    0
   2    0    0    0
   2    0    0    0
   2    0    0    0
   2    0    0    0
   2    0    0    0
   2    0    0    0
   2    0    0    0
   2    0    0    0
   2    0    0    0
   2    0    0    0
   2    0    0    0
   2    0    0    0
   2    0    0    0
   2    0    0    0
   2    0    0    0
   2    0    0    0
   2    0    0    0
   2    0    0    0

 0 0 0 0    .... footer bytes
 27   [ 23 ]  28   [ 22 ]    tell says: 10130 
 28   [ 24 ] 
 2   [type identifier]   tell says: 10140 
176   [Number of vertices]
   0    0    0    0
   0    0    0    0
   0    0    0    0
   0    0    0    0
   0    0    0    0
   0    0    0    0
   0    0    0    0
   0    0    0    0
   0    0    0    0
   0    0    0    0
   0    0    0    0
   0    0    0    0
   0    0    0    0
   0    0    0    0
   0    0    0    0
   0    0    0    0
   0    0    0    0
   0    0    0    0
   0    0    0    0
   0    0    0    0
   0    0    0    0
   0    0    0    0
   0    0    0    0
   0    0    0    0
   0    0    0    0
   0    0    0    0
   0    0    0    0
   0    0    0    0
   0    0    0    0
   0    0    0    0
   0    0    0    0
   0    0    0    0
   0    0    0    0
   0    0    0    0
   0    0    0    0
   0    0    0    0
   0    0    0    0
   0    0    0    0
   0    0    0    0
   0    0    0    0
   0    0    0    0
   0    0    0    0
   0    0    0    0
   0    0    0    0
   0    0    0    0
   0    0    0    0
   0    0    0    0
   0    0    0    0
   0    0    0    0
   0    0    0    0
   0    0    0    0
   0    0    0    0
   0    0    0    0
   0    0    0    0
   0    0    0    0
   0    0    0    0
   0    0    0    0
   0    0    0    0
   0    0    0    0
   0    0    0    0
   0    0    0    0
   0    0    0    0
   0    0    0    0
   0    0    0    0
   0    0    0    0
   0    0    0    0
   0    0    0    0
   0    0    0    0
   0    0    0    0
   0    0    0    0
   0    0    0    0
   0    0    0    0
   0    0    0    0
   0    0    0    0
   0    0    0    0
   0    0    0    0
   0    0    0    0
   0    0    0    0
   0    0    0    0
   0    0    0    0
   0    0    0    0
   0    0    0    0
   0    0    0    0
   0    0    0    0
   0    0    0    0
   0    0    0    0
   0    0    0    0
   0    0    0    0
   0    0    0    0
   0    0    0    0
   0    0    0    0
   0    0    0    0
   0    0    0    0
   0    0    0    0
   0    0    0    0
   0    0    0    0
   0    0    0    0
   0    0    0    0
   0    0    0    0
   0    0    0    0
   0    0    0    0
   0    0    0    0
   0    0    0    0
   0    0    0    0
   0    0    0    0
   0    0    0    0
   0    0    0    0
   0    0    0    0
   0    0    0    0
   0    0    0    0
   0    0    0    0
   0    0    0    0
   0    0    0    0
   0    0    0    0
   0    0    0    0
   0    0    0    0
   0    0    0    0
   0    0    0    0
   0    0    0    0
   0    0    0    0
   0    0    0    0
   0    0    0    0
   0    0    0    0
   0    0    0    0
   0    0    0    0
   0    0    0    0
   0    0    0    0
   0    0    0    0
   0    0    0    0
   0    0    0    0
   0    0    0    0
   0    0    0    0
   0    0    0    0
   0    0    0    0
   0    0    0    0
   0    0    0    0
   0    0    0    0
   0    0    0    0
   0    0    0    0
   0    0    0    0
   0    0    0    0
   0    0    0    0
   0    0    0    0
   0    0    0    0
   0    0    0    0
   0    0    0    0
   0    0    0    0
   0    0    0    0
   0    0    0    0
   0    0    0    0
   0    0    0    0
   0    0    0    0
   0    0    0    0
   0    0    0    0
   0    0    0    0
   0    0    0    0
   0    0    0    0
   0    0    0    0
   0    0    0    0
   0    0    0    0
   0    0    0    0
   0    0    0    0
   0    0    0    0
   0    0    0    0
   0    0    0    0
   0    0    0    0
   0    0    0    0
   0    0    0    0
   0    0    0    0
   0    0    0    0
   0    0    0    0
   0    0    0    0
   0    0    0    0
   0    0    0    0
   0    0    0    0
   0    0    0    0

 0 0 0 0    .... footer bytes
 27   [ 25 ]  28   [ 24 ]    tell says: 10864 
 0 0 0 ....zeroes
 0.00000276  2.83455038  -0.00053011  7.19967556    tell says: 10890 
 0 ....zeroes   tell says: 10894 
0   [Number of bonestrings]
 3   1 0 [ 26 ]  4   [ 1 ] 
 0      .....pad
1   [number of textures]
 0      .....pad
 38   1 4 [ 27 ] 
19 buildingskinnedlod0
17
44 BlockSet/Textures/cirith_ungol_walls.texture
51 BlockSet/Textures/cirith_ungol_walls_normal.texture
Expected 15 integer zeroes
 0  0  0  0  0  0  0  0  0  0  0  0  0  0  0 
constant three integers 4, 1 and 3
 4  1  3
variable 4 bytes
101 184 63  0 

 4
255 255 255 255 
255 255 255 255 
255 255 255 255 
255 255 255 255 

 9
 0  0  0  0 
 0  0  0  0 
 0  0  0  0 
 0  0  0  0 
 0  0  0  0 
 0  0  0  0 
 0  0  0  0 
 0  0  0  0 
 0  0  0  0 

 8
  2
   0    short pad .....
   0  0 128 63  0  0  0  0  0  0  0  0  0  0  0  0  0  0  0  0  0  0 128 63  0  0  0  0  0  0  0  0
  2
   0  0 128 63  0  0  0  0  0  0  0  0  0  0  0  0  0  0  0  0  0  0 128 63  0  0  0  0  0  0  0  0
  2
   0  0 128 63  0  0  0  0  0  0  0  0  0  0  0  0  0  0  0  0  0  0 128 63  0  0  0  0  0  0  0  0
  2
   0  0 128 63  0  0  0  0  0  0  0  0  0  0  0  0  0  0  0  0  0  0 128 63  0  0  0  0  0  0  0  0
  2
   0  0 128 63  0  0  0  0  0  0  0  0  0  0  0  0  0  0  0  0  0  0 128 63  0  0  0  0  0  0  0  0
  2
   0  0 128 63  0  0  0  0  0  0  0  0  0  0  0  0  0  0  0  0  0  0 128 63  0  0  0  0  0  0  0  0
  2
   0  0 128 63  0  0  0  0  0  0  0  0  0  0  0  0  0  0  0  0  0  0 128 63  0  0  0  0  0  0  0  0
  2
   0  0 128 63  0  0  0  0  0  0  0  0  0  0  0  0  0  0  0  0  0  0 128 63  0  0  0  0  0  0  0  0
 37   1 0 [ 28 ]  38   [ 27 ]    tell says: 11502 
complex binding sphere    tell says: 11502
+0.00000 +2.83455 -0.00053 +7.19968    tell says: 11518 

