 4   1 3 [ 1 ] 
 0      .....pad
 7   1 0 [ 2 ] 
 0      .....pad
1   [Number of trianglegroups]
 0      .....pad
 11   1 3 [ 3 ] 
 0
 0
 0      .....pad
 64 ...number of triangles    tell says: 97 
   53     46     52
   52     46     51
   51     46     50
   50     46     49
   49     46     48
   48     46     47
   47     46     45
   44     37     43
   43     37     42
   42     37     41
   41     37     40
   40     37     39
   39     37     38
   38     37     36
   33     34     35
   34     33     32
   17     31      8
   31     17     30
   16     29      7
   29     16     28
   15     27      6
   27     15     26
   14     25      5
   25     14     24
   13     23      4
   23     13     22
   12     21      3
   21     12     20
   11     19      2
   19     11     18
   10      0      1
    0     10      9
  107    100    106
  106    100    105
  105    100    104
  104    100    103
  103    100    102
  102    100    101
  101    100     99
   98     91     97
   97     91     96
   96     91     95
   95     91     94
   94     91     93
   93     91     92
   92     91     90
   87     88     89
   88     87     86
   71     85     62
   85     71     84
   70     83     61
   83     70     82
   69     81     60
   81     69     80
   68     79     59
   79     68     78
   67     77     58
   77     67     76
   66     75     57
   75     66     74
   65     73     56
   73     65     72
   64     54     55
   54     64     63
 0 ...groupflag    tell says: 485 
 0 0 0 0 0    .... first time bytes
 10   1 0 [ 4 ]  11   [ 3 ] 
 6   1 0 [ 5 ]  7   [ 2 ] 
108   [Number of vertices]
 0      .....pad
2   [Number of floatpairgroups]
 0      .....pad
 18   1 0 [ 6 ] 
 4   [type identifier]   tell says: 542 
 0      .....pad
108   [Number of vertices]
   0.2347667      0.8019421
   0.2347666      0.8204782
   0.2347666      0.8497183
   0.2347666      0.8799292
   0.2343750      1.0000000
   0.2347666      0.9658028
   0.2343750      0.8800574
   0.2343750      0.9997389
   0.2347666      0.9857496
   0.2503917      0.8019421
   0.2503917      0.8204782
   0.2503917      0.8497183
   0.2503917      0.8799292
   0.2500000      1.0000000
   0.2503916      0.9658028
   0.2500000      0.8800574
   0.2499999      0.9997389
   0.2503917      0.9857496
   0.2503917      0.8204782
   0.2347666      0.8204782
   0.2503917      0.8497183
   0.2347666      0.8497183
   0.2500000      0.9548177
   0.2343750      0.9548177
   0.2503917      0.9251115
   0.2347666      0.9251115
   0.2499999      0.8522275
   0.2343750      0.8522275
   0.2500000      0.8800574
   0.2343750      0.8800574
   0.2503916      0.8021030
   0.2347666      0.8021030
   0.2343750      1.0000000
   0.2343750      0.7876917
   0.2500000      1.0000000
   0.2500000      0.7876917
   0.0663534      0.9997389
   0.2500000      1.0000000
   0.0661926      0.8800574
   0.0869226      0.8522275
   0.1276138      0.8250476
   0.1727962      0.8025382
   0.2030071      0.7942322
   0.2322472      0.7895374
   0.2507833      0.7876917
   0.2507833      0.7876917
   0.2500000      1.0000000
   0.2322472      0.7895374
   0.2030071      0.7942322
   0.1727962      0.8025382
   0.1276138      0.8250476
   0.0869226      0.8522275
   0.0661926      0.8800574
   0.0663534      0.9997389
   0.2347667      0.8019421
   0.2347666      0.8204782
   0.2347666      0.8497183
   0.2347666      0.8799292
   0.2343750      1.0000000
   0.2347666      0.9658028
   0.2343750      0.8800574
   0.2343750      0.9997389
   0.2347666      0.9857496
   0.2503917      0.8019421
   0.2503917      0.8204782
   0.2503917      0.8497183
   0.2503917      0.8799292
   0.2500000      1.0000000
   0.2503916      0.9658028
   0.2500000      0.8800574
   0.2499999      0.9997389
   0.2503917      0.9857496
   0.2503917      0.8204782
   0.2347666      0.8204782
   0.2503917      0.8497183
   0.2347666      0.8497183
   0.2500000      0.9548177
   0.2343750      0.9548177
   0.2503917      0.9251115
   0.2347666      0.9251115
   0.2499999      0.8522275
   0.2343750      0.8522275
   0.2500000      0.8800574
   0.2343750      0.8800574
   0.2503916      0.8021030
   0.2347666      0.8021030
   0.2343750      1.0000000
   0.2343750      0.7876917
   0.2500000      1.0000000
   0.2500000      0.7876917
   0.0663534      0.9997389
   0.2500000      1.0000000
   0.0661926      0.8800574
   0.0869226      0.8522275
   0.1276138      0.8250476
   0.1727962      0.8025382
   0.2030071      0.7942322
   0.2322472      0.7895374
   0.2507833      0.7876917
   0.2507833      0.7876917
   0.2500000      1.0000000
   0.2322472      0.7895374
   0.2030071      0.7942322
   0.1727962      0.8025382
   0.1276138      0.8250476
   0.0869226      0.8522275
   0.0661926      0.8800574
   0.0663534      0.9997389

 0 0 0 0    .... footer bytes
 17   1 0 [ 7 ]  18   [ 6 ] 
 18   [ 8 ] 
 1   [type identifier]   tell says: 1440 
108   [Number of vertices]
   0.0000000      0.0000000
   0.0000000      0.0000000
   0.0000000      0.0000000
   0.0000000      0.0000000
   0.0000000      0.0000000
   0.0000000      0.0000000
   0.0000000      0.0000000
   0.0000000      0.0000000
   0.0000000      0.0000000
   0.0000000      0.0000000
   0.0000000      0.0000000
   0.0000000      0.0000000
   0.0000000      0.0000000
   0.0000000      0.0000000
   0.0000000      0.0000000
   0.0000000      0.0000000
   0.0000000      0.0000000
   0.0000000      0.0000000
   0.0000000      0.0000000
   0.0000000      0.0000000
   0.0000000      0.0000000
   0.0000000      0.0000000
   0.0000000      0.0000000
   0.0000000      0.0000000
   0.0000000      0.0000000
   0.0000000      0.0000000
   0.0000000      0.0000000
   0.0000000      0.0000000
   0.0000000      0.0000000
   0.0000000      0.0000000
   0.0000000      0.0000000
   0.0000000      0.0000000
   0.0000000      0.0000000
   0.0000000      0.0000000
   0.0000000      0.0000000
   0.0000000      0.0000000
   0.0000000      0.0000000
   0.0000000      0.0000000
   0.0000000      0.0000000
   0.0000000      0.0000000
   0.0000000      0.0000000
   0.0000000      0.0000000
   0.0000000      0.0000000
   0.0000000      0.0000000
   0.0000000      0.0000000
   0.0000000      0.0000000
   0.0000000      0.0000000
   0.0000000      0.0000000
   0.0000000      0.0000000
   0.0000000      0.0000000
   0.0000000      0.0000000
   0.0000000      0.0000000
   0.0000000      0.0000000
   0.0000000      0.0000000
   0.0000000      0.0000000
   0.0000000      0.0000000
   0.0000000      0.0000000
   0.0000000      0.0000000
   0.0000000      0.0000000
   0.0000000      0.0000000
   0.0000000      0.0000000
   0.0000000      0.0000000
   0.0000000      0.0000000
   0.0000000      0.0000000
   0.0000000      0.0000000
   0.0000000      0.0000000
   0.0000000      0.0000000
   0.0000000      0.0000000
   0.0000000      0.0000000
   0.0000000      0.0000000
   0.0000000      0.0000000
   0.0000000      0.0000000
   0.0000000      0.0000000
   0.0000000      0.0000000
   0.0000000      0.0000000
   0.0000000      0.0000000
   0.0000000      0.0000000
   0.0000000      0.0000000
   0.0000000      0.0000000
   0.0000000      0.0000000
   0.0000000      0.0000000
   0.0000000      0.0000000
   0.0000000      0.0000000
   0.0000000      0.0000000
   0.0000000      0.0000000
   0.0000000      0.0000000
   0.0000000      0.0000000
   0.0000000      0.0000000
   0.0000000      0.0000000
   0.0000000      0.0000000
   0.0000000      0.0000000
   0.0000000      0.0000000
   0.0000000      0.0000000
   0.0000000      0.0000000
   0.0000000      0.0000000
   0.0000000      0.0000000
   0.0000000      0.0000000
   0.0000000      0.0000000
   0.0000000      0.0000000
   0.0000000      0.0000000
   0.0000000      0.0000000
   0.0000000      0.0000000
   0.0000000      0.0000000
   0.0000000      0.0000000
   0.0000000      0.0000000
   0.0000000      0.0000000
   0.0000000      0.0000000
   0.0000000      0.0000000

 0 0 0 0    .... footer bytes
 17   [ 9 ]  18   [ 8 ] 
 0      .....pad
1   [Number of floattriplesgroups]
 0      .....pad
 23   1 0 [ 10 ] 
 0   [type identifier]   tell says: 2344 
 0      .....pad
108   [Number of vertices]
  11.3870440      3.3969326      2.6727476
  10.7707167      3.3378718      2.3853490
   9.9227018      3.1876390      1.9899130
   9.0465288      2.9218473      1.5813464
   7.7361579      2.2015440      0.9703100
   6.5560379      1.3317873      0.4200106
   5.9548287      0.4412305      0.1396620
   5.9594936     -3.3885772      0.1418375
  11.3643293     -3.3969316      2.6621559
  11.2611074      3.3969328      2.9254794
  10.7235270      3.3378718      2.6748013
   9.8034067      3.1876390      2.2457418
   8.9272337      2.9218471      1.8371753
   7.6168628      2.2015438      1.2261388
   6.4367433      1.3317873      0.6758393
   5.8355336      0.4412306      0.3954906
   5.8401985     -3.3885772      0.3976662
  11.2383928     -3.3969316      2.9148874
  10.7235270      3.3378718      2.6748013
  10.7707167      3.3378718      2.3853490
   9.8034067      3.1876390      2.2457418
   9.9227018      3.1876390      1.9899130
   8.9272337      2.9218471      1.8371753
   9.0465288      2.9218473      1.5813464
   7.6168628      2.2015438      1.2261388
   7.7361579      2.2015440      0.9703100
   6.4367433      1.3317873      0.6758393
   6.5560379      1.3317873      0.4200106
   5.8355336      0.4412306      0.3954906
   5.9548287      0.4412305      0.1396620
   5.8401985     -3.3885772      0.3976662
   5.9594936     -3.3885772      0.1418375
  11.2383928     -3.3969316      2.9148874
  11.2611074      3.3969328      2.9254794
  11.3643293     -3.3969316      2.6621559
  11.3870440      3.3969326      2.6727476
   5.9594936     -3.3885772      0.1418375
  11.3643293     -3.3969316      2.6621559
   5.9548287      0.4412305      0.1396620
   6.5560379      1.3317873      0.4200106
   7.7361579      2.2015440      0.9703100
   9.0465288      2.9218473      1.5813464
   9.9227018      3.1876390      1.9899130
  10.7707167      3.3378718      2.3853490
  11.3870440      3.3969326      2.6727476
  11.2611074      3.3969328      2.9254794
  11.2383928     -3.3969316      2.9148874
  10.7235270      3.3378718      2.6748013
   9.8034067      3.1876390      2.2457418
   8.9272337      2.9218471      1.8371753
   7.6168628      2.2015438      1.2261388
   6.4367433      1.3317873      0.6758393
   5.8355336      0.4412306      0.3954906
   5.8401985     -3.3885772      0.3976662
 -11.3881044      3.3969326      2.3856940
 -10.7717762      3.3378718      2.0982955
  -9.9237614      3.1876390      1.7028598
  -9.0475883      2.9218473      1.2942929
  -7.7372174      2.2015440      0.6832566
  -6.5570974      1.3317873      0.1329574
  -5.9558873      0.4412305     -0.1473915
  -5.9605527     -3.3885772     -0.1452163
 -11.3653898     -3.3969316      2.3751018
 -11.5007572      3.3969328      2.1267681
 -10.9631767      3.3378718      1.8760897
 -10.0430565      3.1876390      1.4470309
  -9.1668825      2.9218471      1.0384641
  -7.8565116      2.2015438      0.4274278
  -6.6763916      1.3317873     -0.1228713
  -6.0751824      0.4412306     -0.4032202
  -6.0798478     -3.3885772     -0.4010451
 -11.4780426     -3.3969316      2.1161757
 -10.9631767      3.3378718      1.8760897
 -10.7717762      3.3378718      2.0982955
 -10.0430565      3.1876390      1.4470309
  -9.9237614      3.1876390      1.7028598
  -9.1668825      2.9218471      1.0384641
  -9.0475883      2.9218473      1.2942929
  -7.8565116      2.2015438      0.4274278
  -7.7372174      2.2015440      0.6832566
  -6.6763916      1.3317873     -0.1228713
  -6.5570974      1.3317873      0.1329574
  -6.0751824      0.4412306     -0.4032202
  -5.9558873      0.4412305     -0.1473915
  -6.0798478     -3.3885772     -0.4010451
  -5.9605527     -3.3885772     -0.1452163
 -11.4780426     -3.3969316      2.1161757
 -11.5007572      3.3969328      2.1267681
 -11.3653898     -3.3969316      2.3751018
 -11.3881044      3.3969326      2.3856940
  -5.9605527     -3.3885772     -0.1452163
 -11.3653898     -3.3969316      2.3751018
  -5.9558873      0.4412305     -0.1473915
  -6.5570974      1.3317873      0.1329574
  -7.7372174      2.2015440      0.6832566
  -9.0475883      2.9218473      1.2942929
  -9.9237614      3.1876390      1.7028598
 -10.7717762      3.3378718      2.0982955
 -11.3881044      3.3969326      2.3856940
 -11.5007572      3.3969328      2.1267681
 -11.4780426     -3.3969316      2.1161757
 -10.9631767      3.3378718      1.8760897
 -10.0430565      3.1876390      1.4470309
  -9.1668825      2.9218471      1.0384641
  -7.8565116      2.2015438      0.4274278
  -6.6763916      1.3317873     -0.1228713
  -6.0751824      0.4412306     -0.4032202
  -6.0798478     -3.3885772     -0.4010451

 0 0 0 0    .... footer bytes
 22   1 0 [ 11 ]  23   [ 10 ] 
 0      .....pad
7   [Number of bytequadgroups]
 0      .....pad
 28   1 0 [ 12 ] 
 3   [type identifier]   tell says: 3684 
 0      .....pad
108   [Number of vertices]
 123  254  116    0
 125  254  116    0
 118  253  109    0
 113  250   96    0
 103  241   75    0
  97  233   63    0
  84  203   34    0
  73  127   11    0
 127    0  127    0
 121  254  116    0
 123  254  116    0
 121  253  108    0
 113  250   96    0
 103  241   75    0
  97  233   63    0
  84  203   34    0
  73  127   11    0
 127    0  127    0
 124  253  108    0
 121  253  108    0
 113  250   96    0
 113  250   96    0
 103  241   75    0
 103  241   75    0
  97  233   63    0
  97  233   63    0
  84  203   34    0
  84  203   34    0
  73  127   11    0
  73  127   11    0
 127    0  127    0
 127    0  127    0
 184  127  241    0
 184  127  241    0
 184  127  241    0
 184  127  241    0
  11  127  181    0
  11  127  181    0
  11  127  181    0
  11  127  181    0
  11  127  181    0
  11  127  181    0
  11  127  181    0
  11  127  181    0
  11  127  181    0
 243  127   73    0
 243  127   73    0
 243  127   73    0
 243  127   73    0
 243  127   73    0
 243  127   73    0
 243  127   73    0
 243  127   73    0
 243  127   73    0
 121  254  137    0
 120  254  136    0
 118  253  145    0
 113  250  158    0
 103  241  179    0
  97  233  191    0
  84  203  220    0
  73  127  243    0
 127    0  127    0
 122  254  139    0
 121  254  137    0
 116  253  144    0
 113  250  158    0
 103  241  179    0
  97  233  191    0
  84  203  220    0
  73  127  243    0
 127    0  127    0
 114  253  142    0
 116  253  144    0
 113  250  158    0
 113  250  158    0
 103  241  179    0
 103  241  179    0
  97  233  191    0
  97  233  191    0
  84  203  220    0
  84  203  220    0
  73  127  243    0
  73  127  243    0
 127    0  127    0
 127    0  127    0
 178  127   10    0
 178  127   10    0
 178  127   10    0
 178  127   10    0
 243  127  181    0
 243  127  181    0
 243  127  181    0
 243  127  181    0
 243  127  181    0
 243  127  181    0
 243  127  181    0
 243  127  181    0
 243  127  181    0
  11  127   73    0
  11  127   73    0
  11  127   73    0
  11  127   73    0
  11  127   73    0
  11  127   73    0
  11  127   73    0
  11  127   73    0
  11  127   73    0

 0 0 0 0    .... footer bytes
 27   1 0 [ 13 ]  28   [ 12 ]    tell says: 4140 
 28   [ 14 ] 
 10   [type identifier]   tell says: 4150 
108   [Number of vertices]
   6  127  166    0
   1  127  148    0
  11  127  181    0
  11  127  181    0
  11  127  181    0
  11  127  181    0
  11  127  181    0
  11  127  181    0
  13  127  184    0
  13  127  184    0
   6  127  166    0
   5  127  165    0
  11  127  181    0
  11  127  181    0
  11  127  181    0
  11  127  181    0
  11  127  181    0
  12  127  182    0
   1  127  148    0
   5  127  165    0
  11  127  181    0
  11  127  181    0
  11  127  181    0
  11  127  181    0
  11  127  181    0
  11  127  181    0
  11  127  181    0
  11  127  181    0
  11  127  181    0
  11  127  181    0
  11  127  181    0
  12  127  182    0
 241  127   70    0
 241  127   70    0
 241  127   70    0
 241  127   70    0
  73  127   11    0
  73  127   11    0
  73  127   11    0
  73  127   11    0
  73  127   11    0
  73  127   11    0
  73  127   11    0
  73  127   11    0
  73  127   11    0
  73  127   11    0
  73  127   11    0
  73  127   11    0
  73  127   11    0
  73  127   11    0
  73  127   11    0
  73  127   11    0
  73  127   11    0
  73  127   11    0
 235  127  195    0
 224  127  210    0
 243  127  181    0
 243  127  181    0
 243  127  181    0
 243  127  181    0
 243  127  181    0
 243  127  181    0
 244  127  178    0
 244  127  178    0
 235  127  195    0
 234  127  196    0
 243  127  181    0
 243  127  181    0
 243  127  181    0
 243  127  181    0
 243  127  181    0
 243  127  179    0
 224  127  210    0
 234  127  196    0
 243  127  181    0
 243  127  181    0
 243  127  181    0
 243  127  181    0
 243  127  181    0
 243  127  181    0
 243  127  181    0
 243  127  181    0
 243  127  181    0
 243  127  181    0
 243  127  181    0
 243  127  179    0
  10  127   76    0
  10  127   76    0
  10  127   76    0
  10  127   76    0
  73  127  243    0
  73  127  243    0
  73  127  243    0
  73  127  243    0
  73  127  243    0
  73  127  243    0
  73  127  243    0
  73  127  243    0
  73  127  243    0
  73  127  243    0
  73  127  243    0
  73  127  243    0
  73  127  243    0
  73  127  243    0
  73  127  243    0
  73  127  243    0
  73  127  243    0
  73  127  243    0

 0 0 0 0    .... footer bytes
 27   [ 15 ]  28   [ 14 ]    tell says: 4602 
 28   [ 16 ] 
 8   [type identifier]   tell says: 4612 
108   [Number of vertices]
   0    0    0  255
   0    0    0  255
   0    0    0  255
   0    0    0  255
   0    0    0  255
   0    0    0  255
   0    0    0  255
   0    0    0  255
   0    0    0  255
   0    0    0  255
   0    0    0  255
   0    0    0  255
   0    0    0  255
   0    0    0  255
   0    0    0  255
   0    0    0  255
   0    0    0  255
   0    0    0  255
   0    0    0  255
   0    0    0  255
   0    0    0  255
   0    0    0  255
   0    0    0  255
   0    0    0  255
   0    0    0  255
   0    0    0  255
   0    0    0  255
   0    0    0  255
   0    0    0  255
   0    0    0  255
   0    0    0  255
   0    0    0  255
   0    0    0  255
   0    0    0  255
   0    0    0  255
   0    0    0  255
   0    0    0  255
   0    0    0  255
   0    0    0  255
   0    0    0  255
   0    0    0  255
   0    0    0  255
   0    0    0  255
   0    0    0  255
   0    0    0  255
   0    0    0  255
   0    0    0  255
   0    0    0  255
   0    0    0  255
   0    0    0  255
   0    0    0  255
   0    0    0  255
   0    0    0  255
   0    0    0  255
   0    0    0  255
   0    0    0  255
   0    0    0  255
   0    0    0  255
   0    0    0  255
   0    0    0  255
   0    0    0  255
   0    0    0  255
   0    0    0  255
   0    0    0  255
   0    0    0  255
   0    0    0  255
   0    0    0  255
   0    0    0  255
   0    0    0  255
   0    0    0  255
   0    0    0  255
   0    0    0  255
   0    0    0  255
   0    0    0  255
   0    0    0  255
   0    0    0  255
   0    0    0  255
   0    0    0  255
   0    0    0  255
   0    0    0  255
   0    0    0  255
   0    0    0  255
   0    0    0  255
   0    0    0  255
   0    0    0  255
   0    0    0  255
   0    0    0  255
   0    0    0  255
   0    0    0  255
   0    0    0  255
   0    0    0  255
   0    0    0  255
   0    0    0  255
   0    0    0  255
   0    0    0  255
   0    0    0  255
   0    0    0  255
   0    0    0  255
   0    0    0  255
   0    0    0  255
   0    0    0  255
   0    0    0  255
   0    0    0  255
   0    0    0  255
   0    0    0  255
   0    0    0  255
   0    0    0  255
   0    0    0  255

 0 0 0 0    .... footer bytes
 27   [ 17 ]  28   [ 16 ]    tell says: 5064 
 28   [ 18 ] 
 9   [type identifier]   tell says: 5074 
108   [Number of vertices]
   0    0    0    0
   0    0    0    0
   0    0    0    0
   0    0    0    0
   0    0    0    0
   0    0    0    0
   0    0    0    0
   0    0    0    0
   0    0    0    0
   0    0    0    0
   0    0    0    0
   0    0    0    0
   0    0    0    0
   0    0    0    0
   0    0    0    0
   0    0    0    0
   0    0    0    0
   0    0    0    0
   0    0    0    0
   0    0    0    0
   0    0    0    0
   0    0    0    0
   0    0    0    0
   0    0    0    0
   0    0    0    0
   0    0    0    0
   0    0    0    0
   0    0    0    0
   0    0    0    0
   0    0    0    0
   0    0    0    0
   0    0    0    0
   0    0    0    0
   0    0    0    0
   0    0    0    0
   0    0    0    0
   0    0    0    0
   0    0    0    0
   0    0    0    0
   0    0    0    0
   0    0    0    0
   0    0    0    0
   0    0    0    0
   0    0    0    0
   0    0    0    0
   0    0    0    0
   0    0    0    0
   0    0    0    0
   0    0    0    0
   0    0    0    0
   0    0    0    0
   0    0    0    0
   0    0    0    0
   0    0    0    0
   0    0    0    0
   0    0    0    0
   0    0    0    0
   0    0    0    0
   0    0    0    0
   0    0    0    0
   0    0    0    0
   0    0    0    0
   0    0    0    0
   0    0    0    0
   0    0    0    0
   0    0    0    0
   0    0    0    0
   0    0    0    0
   0    0    0    0
   0    0    0    0
   0    0    0    0
   0    0    0    0
   0    0    0    0
   0    0    0    0
   0    0    0    0
   0    0    0    0
   0    0    0    0
   0    0    0    0
   0    0    0    0
   0    0    0    0
   0    0    0    0
   0    0    0    0
   0    0    0    0
   0    0    0    0
   0    0    0    0
   0    0    0    0
   0    0    0    0
   0    0    0    0
   0    0    0    0
   0    0    0    0
   0    0    0    0
   0    0    0    0
   0    0    0    0
   0    0    0    0
   0    0    0    0
   0    0    0    0
   0    0    0    0
   0    0    0    0
   0    0    0    0
   0    0    0    0
   0    0    0    0
   0    0    0    0
   0    0    0    0
   0    0    0    0
   0    0    0    0
   0    0    0    0
   0    0    0    0
   0    0    0    0

 0 0 0 0    .... footer bytes
 27   [ 19 ]  28   [ 18 ]    tell says: 5526 
 28   [ 20 ] 
 13   [type identifier]   tell says: 5536 
108   [Number of vertices]
   2    0    0    0
   2    0    0    0
   2    0    0    0
   2    0    0    0
   2    0    0    0
   2    0    0    0
   2    0    0    0
   2    0    0    0
   2    0    0    0
   2    0    0    0
   2    0    0    0
   2    0    0    0
   2    0    0    0
   2    0    0    0
   2    0    0    0
   2    0    0    0
   2    0    0    0
   2    0    0    0
   2    0    0    0
   2    0    0    0
   2    0    0    0
   2    0    0    0
   2    0    0    0
   2    0    0    0
   2    0    0    0
   2    0    0    0
   2    0    0    0
   2    0    0    0
   2    0    0    0
   2    0    0    0
   2    0    0    0
   2    0    0    0
   2    0    0    0
   2    0    0    0
   2    0    0    0
   2    0    0    0
   2    0    0    0
   2    0    0    0
   2    0    0    0
   2    0    0    0
   2    0    0    0
   2    0    0    0
   2    0    0    0
   2    0    0    0
   2    0    0    0
   2    0    0    0
   2    0    0    0
   2    0    0    0
   2    0    0    0
   2    0    0    0
   2    0    0    0
   2    0    0    0
   2    0    0    0
   2    0    0    0
   2    0    0    0
   2    0    0    0
   2    0    0    0
   2    0    0    0
   2    0    0    0
   2    0    0    0
   2    0    0    0
   2    0    0    0
   2    0    0    0
   2    0    0    0
   2    0    0    0
   2    0    0    0
   2    0    0    0
   2    0    0    0
   2    0    0    0
   2    0    0    0
   2    0    0    0
   2    0    0    0
   2    0    0    0
   2    0    0    0
   2    0    0    0
   2    0    0    0
   2    0    0    0
   2    0    0    0
   2    0    0    0
   2    0    0    0
   2    0    0    0
   2    0    0    0
   2    0    0    0
   2    0    0    0
   2    0    0    0
   2    0    0    0
   2    0    0    0
   2    0    0    0
   2    0    0    0
   2    0    0    0
   2    0    0    0
   2    0    0    0
   2    0    0    0
   2    0    0    0
   2    0    0    0
   2    0    0    0
   2    0    0    0
   2    0    0    0
   2    0    0    0
   2    0    0    0
   2    0    0    0
   2    0    0    0
   2    0    0    0
   2    0    0    0
   2    0    0    0
   2    0    0    0
   2    0    0    0
   2    0    0    0

 0 0 0 0    .... footer bytes
 27   [ 21 ]  28   [ 20 ]    tell says: 5988 
 28   [ 22 ] 
 14   [type identifier]   tell says: 5998 
108   [Number of vertices]
   2    0    0    0
   2    0    0    0
   2    0    0    0
   2    0    0    0
   2    0    0    0
   2    0    0    0
   2    0    0    0
   2    0    0    0
   2    0    0    0
   2    0    0    0
   2    0    0    0
   2    0    0    0
   2    0    0    0
   2    0    0    0
   2    0    0    0
   2    0    0    0
   2    0    0    0
   2    0    0    0
   2    0    0    0
   2    0    0    0
   2    0    0    0
   2    0    0    0
   2    0    0    0
   2    0    0    0
   2    0    0    0
   2    0    0    0
   2    0    0    0
   2    0    0    0
   2    0    0    0
   2    0    0    0
   2    0    0    0
   2    0    0    0
   2    0    0    0
   2    0    0    0
   2    0    0    0
   2    0    0    0
   2    0    0    0
   2    0    0    0
   2    0    0    0
   2    0    0    0
   2    0    0    0
   2    0    0    0
   2    0    0    0
   2    0    0    0
   2    0    0    0
   2    0    0    0
   2    0    0    0
   2    0    0    0
   2    0    0    0
   2    0    0    0
   2    0    0    0
   2    0    0    0
   2    0    0    0
   2    0    0    0
   2    0    0    0
   2    0    0    0
   2    0    0    0
   2    0    0    0
   2    0    0    0
   2    0    0    0
   2    0    0    0
   2    0    0    0
   2    0    0    0
   2    0    0    0
   2    0    0    0
   2    0    0    0
   2    0    0    0
   2    0    0    0
   2    0    0    0
   2    0    0    0
   2    0    0    0
   2    0    0    0
   2    0    0    0
   2    0    0    0
   2    0    0    0
   2    0    0    0
   2    0    0    0
   2    0    0    0
   2    0    0    0
   2    0    0    0
   2    0    0    0
   2    0    0    0
   2    0    0    0
   2    0    0    0
   2    0    0    0
   2    0    0    0
   2    0    0    0
   2    0    0    0
   2    0    0    0
   2    0    0    0
   2    0    0    0
   2    0    0    0
   2    0    0    0
   2    0    0    0
   2    0    0    0
   2    0    0    0
   2    0    0    0
   2    0    0    0
   2    0    0    0
   2    0    0    0
   2    0    0    0
   2    0    0    0
   2    0    0    0
   2    0    0    0
   2    0    0    0
   2    0    0    0
   2    0    0    0
   2    0    0    0

 0 0 0 0    .... footer bytes
 27   [ 23 ]  28   [ 22 ]    tell says: 6450 
 28   [ 24 ] 
 2   [type identifier]   tell says: 6460 
108   [Number of vertices]
   0    0    0    0
   0    0    0    0
   0    0    0    0
   0    0    0    0
   0    0    0    0
   0    0    0    0
   0    0    0    0
   0    0    0    0
   0    0    0    0
   0    0    0    0
   0    0    0    0
   0    0    0    0
   0    0    0    0
   0    0    0    0
   0    0    0    0
   0    0    0    0
   0    0    0    0
   0    0    0    0
   0    0    0    0
   0    0    0    0
   0    0    0    0
   0    0    0    0
   0    0    0    0
   0    0    0    0
   0    0    0    0
   0    0    0    0
   0    0    0    0
   0    0    0    0
   0    0    0    0
   0    0    0    0
   0    0    0    0
   0    0    0    0
   0    0    0    0
   0    0    0    0
   0    0    0    0
   0    0    0    0
   0    0    0    0
   0    0    0    0
   0    0    0    0
   0    0    0    0
   0    0    0    0
   0    0    0    0
   0    0    0    0
   0    0    0    0
   0    0    0    0
   0    0    0    0
   0    0    0    0
   0    0    0    0
   0    0    0    0
   0    0    0    0
   0    0    0    0
   0    0    0    0
   0    0    0    0
   0    0    0    0
   0    0    1    0
   0    0    1    0
   0    0    1    0
   0    0    1    0
   0    0    1    0
   0    0    1    0
   0    0    1    0
   0    0    1    0
   0    0    1    0
   0    0    1    0
   0    0    1    0
   0    0    1    0
   0    0    1    0
   0    0    1    0
   0    0    1    0
   0    0    1    0
   0    0    1    0
   0    0    1    0
   0    0    1    0
   0    0    1    0
   0    0    1    0
   0    0    1    0
   0    0    1    0
   0    0    1    0
   0    0    1    0
   0    0    1    0
   0    0    1    0
   0    0    1    0
   0    0    1    0
   0    0    1    0
   0    0    1    0
   0    0    1    0
   0    0    1    0
   0    0    1    0
   0    0    1    0
   0    0    1    0
   0    0    1    0
   0    0    1    0
   0    0    1    0
   0    0    1    0
   0    0    1    0
   0    0    1    0
   0    0    1    0
   0    0    1    0
   0    0    1    0
   0    0    1    0
   0    0    1    0
   0    0    1    0
   0    0    1    0
   0    0    1    0
   0    0    1    0
   0    0    1    0
   0    0    1    0
   0    0    1    0

 0 0 0 0    .... footer bytes
 27   [ 25 ]  28   [ 24 ]    tell says: 6912 
 0 0 0 ....zeroes
 0.12084008  2.60455441  2.41476917  13.06296539    tell says: 6938 
 0 ....zeroes   tell says: 6942 
0   [Number of bonestrings]
 3   1 0 [ 26 ]  4   [ 1 ] 
 0      .....pad
1   [number of textures]
 0      .....pad
 38   1 4 [ 27 ] 
19 buildingskinnedlod0
17
40 BlockSet/Textures/mt_small_walls.texture
47 BlockSet/Textures/mt_small_walls_normal.texture
Expected 15 integer zeroes
 0  0  0  0  0  0  0  0  0  0  0  0  0  0  0 
constant three integers 4, 1 and 3
 4  1  3
variable 4 bytes
18 192 63  0 

 4
255 255 255 255 
255 255 255 255 
255 255 255 255 
255 255 255 255 

 9
 0  0  0  0 
 0  0  0  0 
 0  0  0  0 
 0  0  0  0 
 0  0  0  0 
 0  0  0  0 
 0  0  0  0 
 0  0  0  0 
 0  0  0  0 

 8
  2
   0    short pad .....
   0  0 128 63  0  0  0  0  0  0  0  0  0  0  0  0  0  0  0  0  0  0 128 63  0  0  0  0  0  0  0  0
  2
   0  0 128 63  0  0  0  0  0  0  0  0  0  0  0  0  0  0  0  0  0  0 128 63  0  0  0  0  0  0  0  0
  2
   0  0 128 63  0  0  0  0  0  0  0  0  0  0  0  0  0  0  0  0  0  0 128 63  0  0  0  0  0  0  0  0
  2
   0  0 128 63  0  0  0  0  0  0  0  0  0  0  0  0  0  0  0  0  0  0 128 63  0  0  0  0  0  0  0  0
  2
   0  0 128 63  0  0  0  0  0  0  0  0  0  0  0  0  0  0  0  0  0  0 128 63  0  0  0  0  0  0  0  0
  2
   0  0 128 63  0  0  0  0  0  0  0  0  0  0  0  0  0  0  0  0  0  0 128 63  0  0  0  0  0  0  0  0
  2
   0  0 128 63  0  0  0  0  0  0  0  0  0  0  0  0  0  0  0  0  0  0 128 63  0  0  0  0  0  0  0  0
  2
   0  0 128 63  0  0  0  0  0  0  0  0  0  0  0  0  0  0  0  0  0  0 128 63  0  0  0  0  0  0  0  0
 37   1 0 [ 28 ]  38   [ 27 ]    tell says: 7542 
complex binding sphere    tell says: 7542
+0.12084 +2.60455 +2.41477 +13.06297    tell says: 7558 

