 4   1 3 [ 1 ] 
 0      .....pad
 7   1 0 [ 2 ] 
 0      .....pad
1   [Number of trianglegroups]
 0      .....pad
 11   1 3 [ 3 ] 
 0
 0
 0      .....pad
 164 ...number of triangles    tell says: 97 
  117    112    116
  116    112    115
  115    112    113
  115    113    114
  113    112    111
  110     42     41
   42    110    109
  108    107    106
  106    107    100
  105    100    104
  106    100    105
  101    100     96
  103    100    102
  104    100    103
  102    100    101
   96    100     94
   96     95     98
   96     98     99
   98     95     97
   95     96     94
   95     94     93
   92     79     80
   82     92     80
   82     80     81
   85     86     87
   82     84     85
   85     87     91
   87     86     40
   90     87     88
   90     88     89
   88     87     40
   84     82     83
   86     85     84
   83     82     81
   80     79     78
   76     38     77
   38     76     71
   74     39     75
   39     74     73
   71     72     38
   72     71     70
   67     68     69
   68     67     66
   65     36     37
   36     65     64
   23     35     34
   35     23     63
   61     34     62
   34     61     23
   59     33     60
   33     59     18
   18     58     33
   58     18     57
   19     56     32
   56     19     55
   20     54     31
   54     20     53
   21     29     30
   29     21     22
   52     51     24
   24     51     26
   24     26     25
   26     51     28
   27     26     28
   17     42      8
   42     17     41
   49     16     50
   16     49      7
   47     15     48
   15     47      6
   46      5     45
   14     45      5
   44      4     43
   13     43      4
    2     12     11
   12      2      3
    2     10      1
   10      2     11
    0     10      9
   10      0      1
  247    245    249
  243    244    248
  247    246    245
  244    243    242
  240    241    239
  240    239    238
  235    237    234
  236    235    234
  233    232    151
  232    144    151
  227    228    231
  230    226    225
  229    228    227
  226    224    225
  225    224    222
  224    223    222
  221    220    219
  218    217    216
  215    214    212
  214    213    212
  210    208    211
  210    209    208
  207    206    204
  206    205    204
  189    154    203
  154    202    203
  160    154    161
  201    153    198
  202    154    200
  154    153    200
  153    201    200
  197    198    153
  199    198    197
  152    197    153
  196    154    160
  195    193    157
  156    155    194
  159    157    193
  191    157    159
  192    157    191
  158    191    159
  188    161    154
  188    190    161
  189    188    154
  150    187    186
  186    185    150
  137    172    184
  183    137    184
  137    147    148
  182    181    136
  137    183    182
  136    137    182
  180    136    181
  180    178    136
  180    179    178
  178    135    136
  137    177    147
  176    138    140
  138    139    140
  140    146    176
  140    174    146
  140    175    174
  174    145    146
  148    173    137
  149    173    148
  173    172    137
  141    142    151
  151    144    141
  143    134    171
  171    170    143
  133    125    169
  169    168    133
  132    124    167
  167    166    132
  131    123    165
  165    164    131
  130    122    163
  163    162    130
  129    121    120
  120    128    129
  128    120    119
  119    127    128
  127    119    118
  118    126    127
 0 ...groupflag    tell says: 1085 
 0 0 0 0 0    .... first time bytes
 10   1 0 [ 4 ]  11   [ 3 ] 
 6   1 0 [ 5 ]  7   [ 2 ] 
250   [Number of vertices]
 0      .....pad
2   [Number of floatpairgroups]
 0      .....pad
 18   1 0 [ 6 ] 
 4   [type identifier]   tell says: 1142 
 0      .....pad
250   [Number of vertices]
   0.2347667      0.8019421
   0.2347666      0.8204782
   0.2347666      0.8497183
   0.2347666      0.8799292
   0.2343750      1.0000000
   0.2347666      0.9658028
   0.2343750      0.8800574
   0.2343750      0.9997389
   0.2347666      0.9857496
   0.2503917      0.8019421
   0.2503917      0.8204782
   0.2503917      0.8497183
   0.2503917      0.8799292
   0.2500000      1.0000000
   0.2503916      0.9658028
   0.2500000      0.8800574
   0.2499999      0.9997389
   0.2503917      0.9857496
   0.2177731      0.8755942
   0.2500941      0.8954543
   0.2177731      0.8848619
   0.2391333      0.9100064
   0.2437674      0.9100064
   0.2177731      0.9199491
   0.2230341      0.9367203
   0.2310753      0.9225972
   0.2365345      0.9356170
   0.2419950      0.9155356
   0.2501936      0.9475338
   0.2436529      0.8943814
   0.2390188      0.8943814
   0.2333981      0.8848619
   0.2344692      0.8954543
   0.2333981      0.8755942
   0.2333981      0.9199491
   0.2333981      0.9367203
   0.2417323      0.9356170
   0.2383900      0.9225972
   0.2500941      0.9475338
   0.2227927      0.9155356
   0.2322472      0.7895374
   0.2503917      0.9600636
   0.2347666      0.9600877
   0.2500000      0.9548177
   0.2343750      0.9548177
   0.2503917      0.9251115
   0.2347666      0.9251115
   0.2343750      0.8522275
   0.2499999      0.8522275
   0.2343750      0.8800574
   0.2500000      0.8800574
   0.2500000      1.0000000
   0.2243140      0.9999635
   0.2177731      0.9102395
   0.2333981      0.9102395
   0.2500941      0.8848619
   0.2344692      0.8848619
   0.2177731      0.8954543
   0.2333981      0.8954543
   0.2177731      0.7876917
   0.2333981      0.7876917
   0.2177731      0.9102395
   0.2333981      0.9102395
   0.2177731      0.9367203
   0.2269802      0.9356170
   0.2236380      0.9225972
   0.2442293      0.9225972
   0.2500941      0.9367203
   0.2294772      0.9225972
   0.2344692      0.9367203
   0.2352248      1.0000000
   0.2353421      0.9475338
   0.2500000      1.0000000
   0.2375448      0.9155356
   0.2408870      0.9356170
   0.2261350      0.9356170
   0.2303225      0.9155356
   0.2450745      0.9155356
   0.0663534      0.9997389
   0.2243381      0.9999635
   0.0661926      0.8800574
   0.0869226      0.8522275
   0.2225881      0.9199491
   0.1276138      0.8250476
   0.1727962      0.8025382
   0.2271543      0.9102395
   0.2030071      0.7942322
   0.2372298      0.8848619
   0.2507833      0.7876917
   0.2504590      0.8755942
   0.2438941      0.8954543
   0.2317196      0.9102395
   0.2230341      0.9367203
   0.2317196      0.9102395
   0.2271543      0.9102395
   0.2372298      0.8848619
   0.2322472      0.7895374
   0.2438941      0.8954543
   0.2504590      0.8755942
   0.2507833      0.7876917
   0.2225881      0.9199491
   0.2030071      0.7942322
   0.1727962      0.8025382
   0.1276138      0.8250476
   0.0869226      0.8522275
   0.0661926      0.8800574
   0.0663534      0.9997389
   0.2230341      0.9367203
   0.2243140      0.9999635
   0.2347666      0.8021030
   0.2503916      0.8021030
   0.2310753      0.9225972
   0.2230341      0.9367203
   0.2365345      0.9356170
   0.2419950      0.9155356
   0.2501936      0.9475338
   0.2500000      1.0000000
   0.2243381      0.9999635
   0.2347667      0.8019421
   0.2347666      0.8204782
   0.2347666      0.8497183
   0.2347666      0.8799292
   0.2343750      1.0000000
   0.2347666      0.9658028
   0.2343750      0.8800574
   0.2343750      0.9997389
   0.2503917      0.8019421
   0.2503917      0.8204782
   0.2503917      0.8497183
   0.2503917      0.8799292
   0.2500000      1.0000000
   0.2503916      0.9658028
   0.2500000      0.8800574
   0.2499999      0.9997389
   0.2343750      0.8740879
   0.2435777      0.8843896
   0.2370751      0.8809339
   0.2371643      0.9117432
   0.2420469      0.9067765
   0.2453780      0.9190250
   0.2449827      0.9470172
   0.1964242      0.9074614
   0.2105858      0.9072571
   0.2500000      0.8725108
   0.1963899      0.9198762
   0.2438191      0.9735318
   0.2373234      0.9595549
   0.2320689      0.9667517
   0.2240514      0.9596944
   0.2236312      0.9999625
   0.2347666      0.9586383
   0.2105511      0.9198762
   0.2435777      0.8843896
   0.2370751      0.8809339
   0.2371643      0.9117432
   0.2420469      0.9067765
   0.2453780      0.9190250
   0.2449827      0.9470172
   0.2438191      0.9735318
   0.2373234      0.9595549
   0.2320689      0.9667517
   0.2240514      0.9596944
   0.2500000      0.9548177
   0.2343750      0.9548177
   0.2503917      0.9251115
   0.2347666      0.9251115
   0.2499999      0.8522275
   0.2343750      0.8522275
   0.2500000      0.8800574
   0.2343750      0.8800574
   0.2500000      0.7876917
   0.2343750      0.7876917
   0.0661926      0.8800574
   0.0663534      0.9997389
   0.2501492      0.9595547
   0.2501950      0.9471398
   0.2371643      0.9117432
   0.2373234      0.9595549
   0.2504645      0.8740879
   0.2507833      0.7876917
   0.2322472      0.7895374
   0.2030071      0.7942322
   0.1727962      0.8025382
   0.1276138      0.8250476
   0.0869226      0.8522275
   0.2503917      0.9593807
   0.2503916      0.8021030
   0.2347666      0.8021030
   0.0663534      0.9997389
   0.0661926      0.8800574
   0.2236312      0.9999625
   0.2501492      0.9595547
   0.2501950      0.9471398
   0.2371643      0.9117432
   0.2449827      0.9470172
   0.2420469      0.9067765
   0.2373234      0.9595549
   0.2504645      0.8740879
   0.2322472      0.7895374
   0.2507833      0.7876917
   0.1727962      0.8025382
   0.2030071      0.7942322
   0.1276138      0.8250476
   0.0869226      0.8522275
   0.1914963      0.8328323
   0.1758713      0.8344095
   0.1758713      0.8447112
   0.1914964      0.8447112
   0.1869079      0.8982904
   0.1869079      0.9139154
   0.1934105      0.9139154
   0.1934105      0.8982904
   0.1914964      0.8412555
   0.1758713      0.8412555
   0.1789245      0.8720647
   0.1943121      0.8720647
   0.2075327      0.8720647
   0.1819715      0.8670981
   0.1921450      0.8720647
   0.1961129      0.8853011
   0.1947186      0.9108623
   0.1998409      0.8994622
   0.2044857      0.8670981
   0.1903245      0.8670981
   0.1928182      0.8793466
   0.2069793      0.8793466
   0.1925223      0.9073387
   0.2034983      0.8792009
   0.2025016      0.8972645
   0.2072256      0.8933625
   0.2066834      0.9073387
   0.1987737      0.8831034
   0.1916513      0.9338534
   0.2058124      0.9338534
   0.2074837      0.9198764
   0.1806448      0.9338534
   0.1948059      0.9338534
   0.1920961      0.9198764
   0.1943611      0.9198764
   0.1789734      0.9198764
   0.1927449      0.9270732
   0.1773572      0.9270732
   0.1967566      0.9124296
   0.2064341      0.9139154
   0.1982884      0.8970419
   0.1758713      0.9200161
   0.1758713      0.9602841
   0.1914964      0.9602835
   0.2064341      0.8982904
   0.1914964      0.9200161

 0 0 0 0    .... footer bytes
 17   1 0 [ 7 ]  18   [ 6 ] 
 18   [ 8 ] 
 1   [type identifier]   tell says: 3176 
250   [Number of vertices]
   0.0000000      0.0000000
   0.0000000      0.0000000
   0.0000000      0.0000000
   0.0000000      0.0000000
   0.0000000      0.0000000
   0.0000000      0.0000000
   0.0000000      0.0000000
   0.0000000      0.0000000
   0.0000000      0.0000000
   0.0000000      0.0000000
   0.0000000      0.0000000
   0.0000000      0.0000000
   0.0000000      0.0000000
   0.0000000      0.0000000
   0.0000000      0.0000000
   0.0000000      0.0000000
   0.0000000      0.0000000
   0.0000000      0.0000000
   0.0000000      0.0000000
   0.0000000      0.0000000
   0.0000000      0.0000000
   0.0000000      0.0000000
   0.0000000      0.0000000
   0.0000000      0.0000000
   0.0000000      0.0000000
   0.0000000      0.0000000
   0.0000000      0.0000000
   0.0000000      0.0000000
   0.0000000      0.0000000
   0.0000000      0.0000000
   0.0000000      0.0000000
   0.0000000      0.0000000
   0.0000000      0.0000000
   0.0000000      0.0000000
   0.0000000      0.0000000
   0.0000000      0.0000000
   0.0000000      0.0000000
   0.0000000      0.0000000
   0.0000000      0.0000000
   0.0000000      0.0000000
   0.0000000      0.0000000
   0.0000000      0.0000000
   0.0000000      0.0000000
   0.0000000      0.0000000
   0.0000000      0.0000000
   0.0000000      0.0000000
   0.0000000      0.0000000
   0.0000000      0.0000000
   0.0000000      0.0000000
   0.0000000      0.0000000
   0.0000000      0.0000000
   0.0000000      0.0000000
   0.0000000      0.0000000
   0.0000000      0.0000000
   0.0000000      0.0000000
   0.0000000      0.0000000
   0.0000000      0.0000000
   0.0000000      0.0000000
   0.0000000      0.0000000
   0.0000000      0.0000000
   0.0000000      0.0000000
   0.0000000      0.0000000
   0.0000000      0.0000000
   0.0000000      0.0000000
   0.0000000      0.0000000
   0.0000000      0.0000000
   0.0000000      0.0000000
   0.0000000      0.0000000
   0.0000000      0.0000000
   0.0000000      0.0000000
   0.0000000      0.0000000
   0.0000000      0.0000000
   0.0000000      0.0000000
   0.0000000      0.0000000
   0.0000000      0.0000000
   0.0000000      0.0000000
   0.0000000      0.0000000
   0.0000000      0.0000000
   0.0000000      0.0000000
   0.0000000      0.0000000
   0.0000000      0.0000000
   0.0000000      0.0000000
   0.0000000      0.0000000
   0.0000000      0.0000000
   0.0000000      0.0000000
   0.0000000      0.0000000
   0.0000000      0.0000000
   0.0000000      0.0000000
   0.0000000      0.0000000
   0.0000000      0.0000000
   0.0000000      0.0000000
   0.0000000      0.0000000
   0.0000000      0.0000000
   0.0000000      0.0000000
   0.0000000      0.0000000
   0.0000000      0.0000000
   0.0000000      0.0000000
   0.0000000      0.0000000
   0.0000000      0.0000000
   0.0000000      0.0000000
   0.0000000      0.0000000
   0.0000000      0.0000000
   0.0000000      0.0000000
   0.0000000      0.0000000
   0.0000000      0.0000000
   0.0000000      0.0000000
   0.0000000      0.0000000
   0.0000000      0.0000000
   0.0000000      0.0000000
   0.0000000      0.0000000
   0.0000000      0.0000000
   0.0000000      0.0000000
   0.0000000      0.0000000
   0.0000000      0.0000000
   0.0000000      0.0000000
   0.0000000      0.0000000
   0.0000000      0.0000000
   0.0000000      0.0000000
   0.0000000      0.0000000
   0.0000000      0.0000000
   0.0000000      0.0000000
   0.0000000      0.0000000
   0.0000000      0.0000000
   0.0000000      0.0000000
   0.0000000      0.0000000
   0.0000000      0.0000000
   0.0000000      0.0000000
   0.0000000      0.0000000
   0.0000000      0.0000000
   0.0000000      0.0000000
   0.0000000      0.0000000
   0.0000000      0.0000000
   0.0000000      0.0000000
   0.0000000      0.0000000
   0.0000000      0.0000000
   0.0000000      0.0000000
   0.0000000      0.0000000
   0.0000000      0.0000000
   0.0000000      0.0000000
   0.0000000      0.0000000
   0.0000000      0.0000000
   0.0000000      0.0000000
   0.0000000      0.0000000
   0.0000000      0.0000000
   0.0000000      0.0000000
   0.0000000      0.0000000
   0.0000000      0.0000000
   0.0000000      0.0000000
   0.0000000      0.0000000
   0.0000000      0.0000000
   0.0000000      0.0000000
   0.0000000      0.0000000
   0.0000000      0.0000000
   0.0000000      0.0000000
   0.0000000      0.0000000
   0.0000000      0.0000000
   0.0000000      0.0000000
   0.0000000      0.0000000
   0.0000000      0.0000000
   0.0000000      0.0000000
   0.0000000      0.0000000
   0.0000000      0.0000000
   0.0000000      0.0000000
   0.0000000      0.0000000
   0.0000000      0.0000000
   0.0000000      0.0000000
   0.0000000      0.0000000
   0.0000000      0.0000000
   0.0000000      0.0000000
   0.0000000      0.0000000
   0.0000000      0.0000000
   0.0000000      0.0000000
   0.0000000      0.0000000
   0.0000000      0.0000000
   0.0000000      0.0000000
   0.0000000      0.0000000
   0.0000000      0.0000000
   0.0000000      0.0000000
   0.0000000      0.0000000
   0.0000000      0.0000000
   0.0000000      0.0000000
   0.0000000      0.0000000
   0.0000000      0.0000000
   0.0000000      0.0000000
   0.0000000      0.0000000
   0.0000000      0.0000000
   0.0000000      0.0000000
   0.0000000      0.0000000
   0.0000000      0.0000000
   0.0000000      0.0000000
   0.0000000      0.0000000
   0.0000000      0.0000000
   0.0000000      0.0000000
   0.0000000      0.0000000
   0.0000000      0.0000000
   0.0000000      0.0000000
   0.0000000      0.0000000
   0.0000000      0.0000000
   0.0000000      0.0000000
   0.0000000      0.0000000
   0.0000000      0.0000000
   0.0000000      0.0000000
   0.0000000      0.0000000
   0.0000000      0.0000000
   0.0000000      0.0000000
   0.0000000      0.0000000
   0.0000000      0.0000000
   0.0000000      0.0000000
   0.0000000      0.0000000
   0.0000000      0.0000000
   0.0000000      0.0000000
   0.0000000      0.0000000
   0.0000000      0.0000000
   0.0000000      0.0000000
   0.0000000      0.0000000
   0.0000000      0.0000000
   0.0000000      0.0000000
   0.0000000      0.0000000
   0.0000000      0.0000000
   0.0000000      0.0000000
   0.0000000      0.0000000
   0.0000000      0.0000000
   0.0000000      0.0000000
   0.0000000      0.0000000
   0.0000000      0.0000000
   0.0000000      0.0000000
   0.0000000      0.0000000
   0.0000000      0.0000000
   0.0000000      0.0000000
   0.0000000      0.0000000
   0.0000000      0.0000000
   0.0000000      0.0000000
   0.0000000      0.0000000
   0.0000000      0.0000000
   0.0000000      0.0000000
   0.0000000      0.0000000
   0.0000000      0.0000000
   0.0000000      0.0000000
   0.0000000      0.0000000
   0.0000000      0.0000000
   0.0000000      0.0000000
   0.0000000      0.0000000
   0.0000000      0.0000000
   0.0000000      0.0000000
   0.0000000      0.0000000
   0.0000000      0.0000000
   0.0000000      0.0000000
   0.0000000      0.0000000
   0.0000000      0.0000000
   0.0000000      0.0000000

 0 0 0 0    .... footer bytes
 17   [ 9 ]  18   [ 8 ] 
 0      .....pad
1   [Number of floattriplesgroups]
 0      .....pad
 23   1 0 [ 10 ] 
 0   [type identifier]   tell says: 5216 
 0      .....pad
250   [Number of vertices]
  11.3848295      3.3969326      2.6717150
  10.7707157      3.3378718      2.3853490
   9.9227018      3.1876390      1.9899129
   9.0465279      2.9218471      1.5813462
   7.7361569      2.2015438      0.9703099
   6.5560379      1.3317873      0.4200107
   5.9548283      0.4412305      0.1396619
   5.9594932     -3.3885772      0.1418377
  11.4307451     -3.3969316      2.3621967
  11.2611074      3.3969328      2.9254792
  10.7235270      3.3378718      2.6748011
   9.8034067      3.1876390      2.2457416
   8.9272337      2.9218471      1.8371750
   7.6168628      2.2015438      1.2261387
   6.4367428      1.3317873      0.6758392
   5.8355331      0.4412306      0.3954905
   5.8401980     -3.3885772      0.3976661
  11.4012766     -3.3969316      2.6429725
  11.2517033      0.5840529      2.9210939
  11.0613089     -0.0514692      2.8323116
  10.8629093      0.2874853      2.7397966
  10.7029114     -0.5245953      2.6651883
  10.5685110     -0.5245953      2.6025167
  10.4341125     -0.8353035      2.5398452
  10.4469128     -1.3719825      2.5458140
  10.7915821     -0.9200426      2.5896308
  10.9674501     -1.3366745      2.6050174
  11.1433172     -0.6940719      2.6204038
  11.4074469     -1.7180139      2.6435120
  10.6911278     -0.5245954      2.3482368
  10.8255262     -0.5245954      2.4109080
  10.9855251      0.2874853      2.4855168
  11.1839237     -0.0514692      2.5780318
  11.3743191      0.5840528      2.6668139
  10.5567293     -0.8353035      2.2855656
  10.5695295     -1.3719825      2.2915344
  10.9957018     -1.3366745      2.3241351
  10.8198347     -0.9200426      2.3087485
  11.4356995     -1.7180141      2.3626301
  11.1715689     -0.6940719      2.3395214
  10.8428221      3.3378718      2.4189720
  10.4833651     -3.3957629      2.5628121
  10.6071796     -3.3957644      2.3090911
   8.9272337      2.9218471      1.8371750
   9.0465279      2.9218471      1.5813462
   7.6168628      2.2015438      1.2261387
   7.7361569      2.2015438      0.9703099
   6.5560379      1.3317873      0.4200107
   6.4367428      1.3317873      0.6758392
   5.9548283      0.4412305      0.1396619
   5.8355331      0.4412306      0.3954905
  11.4012766     -3.3969316      2.6429725
  10.4833651     -3.3957629      2.5628121
  10.7029114     -0.5245953      2.6651883
  10.8255262     -0.5245954      2.4109080
  10.8629093      0.2874853      2.7397966
  10.9855251      0.2874853      2.4855168
  11.0613089     -0.0514692      2.8323116
  11.1839237     -0.0514692      2.5780318
  11.2611074      3.3969328      2.9254792
  11.3848295      3.3969326      2.6717150
  10.5685110     -0.5245953      2.6025167
  10.6911278     -0.5245954      2.3482368
  10.4469128     -1.3719825      2.5458140
  10.9674501     -1.3366745      2.6050174
  10.7915821     -0.9200426      2.5896308
  10.7915821     -0.9200426      2.5896308
  10.4469128     -1.3719825      2.5458140
  10.8198347     -0.9200426      2.3087485
  10.5695295     -1.3719825      2.2915344
  11.4012766     -3.3969316      2.6429725
  11.4074469     -1.7180139      2.6435120
  11.4307451     -3.3969316      2.3621967
  11.1433172     -0.6940719      2.6204038
  10.9674501     -1.3366745      2.6050174
  10.9957018     -1.3366745      2.3241351
  11.1433172     -0.6940719      2.6204038
  11.1715689     -0.6940719      2.3395214
   5.9594932     -3.3885772      0.1418377
  10.6071796     -3.3957644      2.3090911
   5.9548283      0.4412305      0.1396619
   6.5560379      1.3317873      0.4200107
  10.5567293     -0.8353035      2.2855656
   7.7361569      2.2015438      0.9703099
   9.0465279      2.9218471      1.5813462
  10.6911278     -0.5245954      2.3482368
   9.9227018      3.1876390      1.9899129
  10.9855251      0.2874853      2.4855168
  11.3848295      3.3969326      2.6717150
  11.3743191      0.5840528      2.6668139
  11.1839237     -0.0514692      2.5780318
  10.8255262     -0.5245954      2.4109080
  10.5695295     -1.3719825      2.2915344
  10.7029114     -0.5245953      2.6651883
  10.5685110     -0.5245953      2.6025167
  10.8629093      0.2874853      2.7397966
  10.7235270      3.3378718      2.6748011
  11.0613089     -0.0514692      2.8323116
  11.2517033      0.5840529      2.9210939
  11.2611074      3.3969328      2.9254792
  10.4341125     -0.8353035      2.5398452
   9.8034067      3.1876390      2.2457416
   8.9272337      2.9218471      1.8371750
   7.6168628      2.2015438      1.2261387
   6.4367428      1.3317873      0.6758392
   5.8355331      0.4412306      0.3954905
   5.8401980     -3.3885772      0.3976661
  10.4469128     -1.3719825      2.5458140
  10.4833651     -3.3957629      2.5628121
   5.9594932     -3.3885772      0.1418377
   5.8401980     -3.3885772      0.3976661
  10.8198347     -0.9200426      2.3087485
  10.5695295     -1.3719825      2.2915344
  10.9957018     -1.3366745      2.3241351
  11.1715689     -0.6940719      2.3395214
  11.4356995     -1.7180141      2.3626301
  11.4307451     -3.3969316      2.3621967
  10.6071796     -3.3957644      2.3090911
 -11.3371735      3.3969328      2.6424270
 -10.7995930      3.3378713      2.3917487
  -9.9515781      3.1876390      1.9963129
  -9.0754042      2.9218471      1.5877464
  -7.7650337      2.2015438      0.9767103
  -6.5849133      1.3317873      0.4264111
  -5.9837036      0.4412304      0.1460624
  -5.9883690     -3.3885772      0.1482377
 -11.2178783      3.3969328      2.8982563
 -10.6802979      3.3378713      2.6475782
  -9.8322830      3.1876390      2.2521422
  -8.9561090      2.9218471      1.8435758
  -7.6457376      2.2015438      1.2325397
  -6.4656181      1.3317873      0.6822403
  -5.8644085      0.4412304      0.4018917
  -5.8690734     -3.3885772      0.4040670
 -11.2086353      0.6322556      2.8939459
 -11.0089035      0.3026017      2.8008099
 -10.8203163      0.4131814      2.7128699
 -10.8921146     -0.5727139      2.6854913
 -11.1277094     -0.4137805      2.5681100
 -11.2343044     -0.8057318      2.5681100
 -11.2216558     -1.7014818      2.5681100
 -11.3884506     -1.7054063      2.5681100
 -11.3884745     -1.6988672      2.2858341
 -11.3280993      0.6827238      2.6381958
 -11.3869848     -2.1026814      2.5681100
 -11.1844215     -2.5499508      2.5681100
 -10.8970327     -2.1026866      2.6868091
 -10.7346182     -2.3329859      2.6432900
 -10.4426069     -2.1071546      2.5367408
 -10.4304190     -3.3957319      2.5310576
 -10.5389462     -3.3957148      2.2702076
 -11.3869848     -2.1026814      2.2858329
 -11.1281996      0.3026017      2.5449798
 -10.9396124      0.4131814      2.4570401
 -10.9651728     -0.5727139      2.4128327
 -11.1277094     -0.4137805      2.2858329
 -11.2343054     -0.8057318      2.2858331
 -11.2216549     -1.7014818      2.2858329
 -11.1844215     -2.5499508      2.2858331
 -10.9700918     -2.1026866      2.4141507
 -10.8076763     -2.3329859      2.3706317
 -10.5619020     -2.1071546      2.2809112
  -8.9561090      2.9218471      1.8435758
  -9.0754042      2.9218471      1.5877464
  -7.6457376      2.2015438      1.2325397
  -7.7650337      2.2015438      0.9767103
  -6.4656181      1.3317873      0.6822403
  -6.5849133      1.3317873      0.4264111
  -5.8644085      0.4412304      0.4018917
  -5.9837036      0.4412304      0.1460624
 -11.3371735      3.3969328      2.6424270
 -11.2178783      3.3969328      2.8982563
  -5.8644085      0.4412304      0.4018917
  -5.8690734     -3.3885772      0.4040670
 -11.3869848     -2.1026814      2.5681100
 -11.3884506     -1.7054063      2.5681100
 -10.8921146     -0.5727139      2.6854913
 -10.8970327     -2.1026866      2.6868091
 -11.2086353      0.6322556      2.8939459
 -11.2178783      3.3969328      2.8982563
 -10.6802979      3.3378713      2.6475782
  -9.8322830      3.1876390      2.2521422
  -8.9561090      2.9218471      1.8435758
  -7.6457376      2.2015438      1.2325397
  -6.4656181      1.3317873      0.6822403
 -10.4304190     -3.3957319      2.5310576
  -5.8690734     -3.3885772      0.4040670
  -5.9883690     -3.3885772      0.1482377
  -5.9883690     -3.3885772      0.1482377
  -5.9837036      0.4412304      0.1460624
 -10.5389462     -3.3957148      2.2702076
 -11.3869848     -2.1026814      2.2858329
 -11.3884745     -1.6988672      2.2858341
 -10.9651728     -0.5727139      2.4128327
 -11.2216549     -1.7014818      2.2858329
 -11.1277094     -0.4137805      2.2858329
 -10.9700918     -2.1026866      2.4141507
 -11.3280993      0.6827238      2.6381958
 -10.7995930      3.3378713      2.3917487
 -11.3371735      3.3969328      2.6424270
  -9.0754042      2.9218471      1.5877464
  -9.9515781      3.1876390      1.9963129
  -7.7650337      2.2015438      0.9767103
  -6.5849133      1.3317873      0.4264111
 -11.3280993      0.6827238      2.6381958
 -11.2086353      0.6322556      2.8939459
 -11.0089035      0.3026017      2.8008099
 -11.1281996      0.3026017      2.5449798
 -11.1281996      0.3026017      2.5449798
 -11.0089035      0.3026017      2.8008099
 -10.8203163      0.4131814      2.7128699
 -10.9396124      0.4131814      2.4570401
 -10.9396124      0.4131814      2.4570401
 -10.8203163      0.4131814      2.7128699
 -10.8921146     -0.5727139      2.6854913
 -10.9651728     -0.5727139      2.4128327
 -10.8921146     -0.5727139      2.6854913
 -11.1277094     -0.4137805      2.2858329
 -10.9651728     -0.5727139      2.4128327
 -11.1277094     -0.4137805      2.2858329
 -10.8921146     -0.5727139      2.6854913
 -11.1277094     -0.4137805      2.5681100
 -11.1277094     -0.4137805      2.2858329
 -11.1277094     -0.4137805      2.5681100
 -11.2343044     -0.8057318      2.5681100
 -11.2343054     -0.8057318      2.2858331
 -11.2216558     -1.7014818      2.5681100
 -11.3884745     -1.6988672      2.2858341
 -11.2216558     -1.7014818      2.5681100
 -11.3884506     -1.7054063      2.5681100
 -11.2216549     -1.7014818      2.2858329
 -11.2216549     -1.7014818      2.2858329
 -11.1844215     -2.5499508      2.5681100
 -11.1844215     -2.5499508      2.2858331
 -10.8970327     -2.1026866      2.6868091
 -11.1844215     -2.5499508      2.2858331
 -11.1844215     -2.5499508      2.5681100
 -10.9700918     -2.1026866      2.4141507
 -10.9700918     -2.1026866      2.4141507
 -10.8970327     -2.1026866      2.6868091
 -10.8076763     -2.3329859      2.3706317
 -10.7346182     -2.3329859      2.6432900
 -10.7346182     -2.3329859      2.6432900
 -10.4426069     -2.1071546      2.5367408
 -10.8076763     -2.3329859      2.3706317
 -10.4426069     -2.1071546      2.5367408
 -10.4304190     -3.3957319      2.5310576
 -10.5389462     -3.3957148      2.2702076
 -10.5619020     -2.1071546      2.2809112
 -10.5619020     -2.1071546      2.2809112

 0 0 0 0    .... footer bytes
 22   1 0 [ 11 ]  23   [ 10 ] 
 0      .....pad
7   [Number of bytequadgroups]
 0      .....pad
 28   1 0 [ 12 ] 
 3   [type identifier]   tell says: 8260 
 0      .....pad
250   [Number of vertices]
 123  254  116    0
 124  253  111    0
 117  252  102    0
 108  246   86    0
 101  239   71    0
  90  219   47    0
  84  203   34    0
  73  127   11    0
 127    0  127    0
 121  254  116    0
 122  254  112    0
 116  252  103    0
 108  246   86    0
  99  236   67    0
  90  219   47    0
  84  203   34    0
  73  127   11    0
 127    0  127    0
 181  100  239    0
  80   58   31    0
 181  100  239    0
 127    0  127    0
 127    0  127    0
 182  111  241    0
 254  127  114    0
 254  126  113    0
 254  126  114    0
 254  127  116    0
 254  127  116    0
 127    0  127    0
 127    0  127    0
 181  100  239    0
  80   58   31    0
 182  113  241    0
 180   91  237    0
 182  130  242    0
 139  177  244    0
 139  177  244    0
 140  148  252    0
 115  161    5    0
  11  127  181    0
 127    0  127    0
 127    0  127    0
 108  246   86    0
 108  246   86    0
  99  236   67    0
 101  239   71    0
  90  219   47    0
  90  219   47    0
  73  127   11    0
  73  127   11    0
 254  127  115    0
 254  128  116    0
 181  100  239    0
 181  100  239    0
  80   58   31    0
  80   58   31    0
 180   87  236    0
 180   87  236    0
 183  127  242    0
 183  126  242    0
 177   72  231    0
 177   72  231    0
 182  130  242    0
 139  177  244    0
 139  177  244    0
 117  205   26    0
  97  196   24    0
  97  196   24    0
  78  185   25    0
 140  127  254    0
 140  137  253    0
 140  127  254    0
 115  161    5    0
 115  161    5    0
 115  161    5    0
 139  159  250    0
 139  159  250    0
  11  127  181    0
  11  127  181    0
  11  127  181    0
  11  127  181    0
  11  127  181    0
  11  127  181    0
  11  127  181    0
  11  127  181    0
  11  127  181    0
  11  127  181    0
  11  127  181    0
  11  127  181    0
  11  127  181    0
  11  127  181    0
  11  127  181    0
 243  127   73    0
 243  127   73    0
 243  127   73    0
 243  127   73    0
 243  127   73    0
 243  127   73    0
 243  127   73    0
 243  127   73    0
 243  127   73    0
 243  127   73    0
 243  127   73    0
 243  127   73    0
 243  127   73    0
 243  127   73    0
 243  127   73    0
 243  127   73    0
 127    0  127    0
 127    0  127    0
   0  126  137    0
   0  126  137    0
   0  126  137    0
   0  127  138    0
   0  127  137    0
   0  127  136    0
   0  126  135    0
 122  254  138    0
 120  253  143    0
 115  251  154    0
 106  245  172    0
  99  236  187    0
  88  214  211    0
  84  203  220    0
  73  127  243    0
 122  254  138    0
 121  254  141    0
 117  252  149    0
 109  248  165    0
 101  239  183    0
  92  224  202    0
  84  203  220    0
  73  127  243    0
 181  127   11    0
 243  127  181    0
 242  125  183    0
 244  126  178    0
 251  129   99    0
 255  127  127    0
 252  130  101    0
 127  127    0    0
 127  127    0    0
 181  127   11    0
 127  100    2    0
 250  113   97    0
 250  127   92    0
 249  127  165    0
 244  129  178    0
 243  127  181    0
 127    0  127    0
 127  100    2    0
  11  127   73    0
  12  128   72    0
  10  128   76    0
   0  127  127    0
   0  127  127    0
   7  122  171    0
   6  144  164    0
   7  127  171    0
   5  127   89    0
  10  125   76    0
 109  248  165    0
 106  245  172    0
 101  239  183    0
  99  236  187    0
  92  224  202    0
  88  214  211    0
  73  127  243    0
  73  127  243    0
 181  127   11    0
 181  127   11    0
 243  127  180    0
 243  129  181    0
 253  127  107    0
 255  127  127    0
 245  129   78    0
 250  127  160    0
 243  127  181    0
 243  127  181    0
 243  127  181    0
 243  127  181    0
 241  124  183    0
 243  126  180    0
 243  126  180    0
 127    0  127    0
 127    0  127    0
 127    0  127    0
  11  125   73    0
  11  127   74    0
  11  127   73    0
   2  128  152    0
   0  127  127    0
  18  124  194    0
   0  127  127    0
  24  122  202    0
   4  127   94    0
  11  127   73    0
  11  127   73    0
  11  127   73    0
  13  130   71    0
  11  127   73    0
  11  128   74    0
  11  128   74    0
 167   60   26    0
 160   56   26    0
 167   60   26    0
 174   63   27    0
 102   14  181    0
 102   14  181    0
 102   14  181    0
 102   14  181    0
 171  131    7    0
 181  134   12    0
 171  131    7    0
 160  129    4    0
 114  221  213    0
 114  221  213    0
 101  205  224    0
 114  221  213    0
 114  221  213    0
 127  233  198    0
 127  160    4    0
 127  160    4    0
 127  149    1    0
 127  137    0    0
 127  125    0    0
 128  254  126    0
 128  254  126    0
 130  254  124    0
 127  125    0    0
 127  254  129    0
 127   74   11    0
 127   74   11    0
 111   69  239    0
 111   69  239    0
 127   58  234    0
  96   81  242    0
 154   52   28    0
 154   52   28    0
 154   52   28    0
 154   52   28    0
 108   24  200    0
 100   27  201    0
 100   27  201    0
 178  125   10    0
 176  126    9    0
 178  125   10    0
  92   31  203    0
 181  124   11    0

 0 0 0 0    .... footer bytes
 27   1 0 [ 13 ]  28   [ 12 ]    tell says: 9284 
 28   [ 14 ] 
 10   [type identifier]   tell says: 9294 
250   [Number of vertices]
   5  127  166    0
   1  127  148    0
   8  127  173    0
  11  127  181    0
  11  127  181    0
  11  127  181    0
  11  127  181    0
  11  127  181    0
   0  127  140    0
  12  127  183    0
   5  127  165    0
  11  127  181    0
  11  127  181    0
  11  127  181    0
  11  127  181    0
  11  127  181    0
  11  127  181    0
   4  127  162    0
 242  127   72    0
  12  127  182    0
 242  127   72    0
 181  127  243    0
 181  127  243    0
 242  127   72    0
 114  127    0    0
 113  127    0    0
 114  127    0    0
 116  127    0    0
 116  127    0    0
 181  127  243    0
 181  127  243    0
 242  127   72    0
  12  127  182    0
 242  127   71    0
 242  127   72    0
 242  127   72    0
 254  127  114    0
 254  127  114    0
 254  127  114    0
   0  127  140    0
  73  127   11    0
  12  127  183    0
   8  127  172    0
  11  127  181    0
  11  127  181    0
  11  127  181    0
  11  127  181    0
  11  127  181    0
  11  127  181    0
  11  127  181    0
  11  127  181    0
 115  127    0    0
 116  127    0    0
 242  127   72    0
 242  127   72    0
  12  127  182    0
  12  127  182    0
 242  127   72    0
 242  127   72    0
 242  127   71    0
 242  127   71    0
 242  127   72    0
 242  127   72    0
 242  127   72    0
 254  127  114    0
 254  127  114    0
   0  127  140    0
   5  126  162    0
   5  126  162    0
  12  127  182    0
 254  127  114    0
 254  127  114    0
 254  127  114    0
   0  127  140    0
   0  127  140    0
   0  127  140    0
 254  127  114    0
 254  127  114    0
  73  127   11    0
  73  127   11    0
  73  127   11    0
  73  127   11    0
  73  127   11    0
  73  127   11    0
  73  127   11    0
  73  127   11    0
  73  127   11    0
  73  127   11    0
  73  127   11    0
  73  127   11    0
  73  127   11    0
  73  127   11    0
  73  127   11    0
  73  127   11    0
  73  127   11    0
  73  127   11    0
  73  127   11    0
  73  127   11    0
  73  127   11    0
  73  127   11    0
  73  127   11    0
  73  127   11    0
  73  127   11    0
  73  127   11    0
  73  127   11    0
  73  127   11    0
  73  127   11    0
  73  127   11    0
  73  127   11    0
  11  127  181    0
  12  127  182    0
 117  127    0    0
 117  127    0    0
 117  127    0    0
 116  127    0    0
 117  127    0    0
 118  127    0    0
 119  127    0    0
  11  127   73    0
  11  127   73    0
  11  127   73    0
  11  127   73    0
  11  127   73    0
  11  127   73    0
  11  127   73    0
  11  127   73    0
  11  127   73    0
  11  127   73    0
  11  127   73    0
  11  127   73    0
  11  127   73    0
  11  127   73    0
  11  127   73    0
  11  127   73    0
 243  127  181    0
  73  127  243    0
  71  127  242    0
  76  127  244    0
 155  127  251    0
 127  127  255    0
 153  127  252    0
 255  127  127    0
 255  127  127    0
 243  127  181    0
 255  127  127    0
 157  127  251    0
 162  127  250    0
  89  127  249    0
  76  127  244    0
  73  127  243    0
  13  127   71    0
 255  127  127    0
  73  119  242    0
  72  123  242    0
  76  127  244    0
 127  127  255    0
 127  127  255    0
 171  126  247    0
 165  127  249    0
 171  127  247    0
  89  127  249    0
  76  127  244    0
  11  127   73    0
  11  127   73    0
  11  127   73    0
  11  127   73    0
  11  127   73    0
  11  127   73    0
  11  127   73    0
  11  127   73    0
 243  127  181    0
 243  127  181    0
  74  127  243    0
  73  127  243    0
 147  127  253    0
 127  127  255    0
 176  127  245    0
  94  127  250    0
  73  127  243    0
  73  127  243    0
  73  127  243    0
  73  127  243    0
  71  127  241    0
  74  127  243    0
  74  127  243    0
  14  127   68    0
  13  127   71    0
  11  127   73    0
  73  127  243    0
  74  127  243    0
  73  127  243    0
 152  125  252    0
 127  122  254    0
 194  127  236    0
 127  127  255    0
 202  127  230    0
  94  127  250    0
  73  120  242    0
  73  122  242    0
  73  127  243    0
  71  127  241    0
  73  127  243    0
  74  127  243    0
  74  127  243    0
 246  127  174    0
 248  127  167    0
 246  127  174    0
 243  127  181    0
 175   67   25    0
 175   67   25    0
 175   67   25    0
 175   67   25    0
 247  127  171    0
 243  127  181    0
 247  127  171    0
 250  127  160    0
   3  134  100    0
   3  134  100    0
   4  127   94    0
  83   43  212    0
  83   43  212    0
  81   60  226    0
 255  127  127    0
 255  127  127    0
 255  127  127    0
 255  127  127    0
 255  127  127    0
  73  128  243    0
  73  128  243    0
  73  131  242    0
 255  127  127    0
  73  125  243    0
 255  127  127    0
 255  127  127    0
   1  127  110    0
   1  127  110    0
   0  127  127    0
   4  127   94    0
 250  127  160    0
 250  127  160    0
 250  127  160    0
 250  127  160    0
 171   53   33    0
 169   48   36    0
 169   48   36    0
 244  127  178    0
 245  127  176    0
 244  127  178    0
 168   44   40    0
 243  127  181    0

 0 0 0 0    .... footer bytes
 27   [ 15 ]  28   [ 14 ]    tell says: 10314 
 28   [ 16 ] 
 8   [type identifier]   tell says: 10324 
250   [Number of vertices]
   0    0    0  255
   0    0    0  255
   0    0    0  255
   0    0    0  255
   0    0    0  255
   0    0    0  255
   0    0    0  255
   0    0    0  255
   0    0    0  255
   0    0    0  255
   0    0    0  255
   0    0    0  255
   0    0    0  255
   0    0    0  255
   0    0    0  255
   0    0    0  255
   0    0    0  255
   0    0    0  255
   0    0    0  255
   0    0    0  255
   0    0    0  255
   0    0    0  255
   0    0    0  255
   0    0    0  255
   0    0    0  255
   0    0    0  255
   0    0    0  255
   0    0    0  255
   0    0    0  255
   0    0    0  255
   0    0    0  255
   0    0    0  255
   0    0    0  255
   0    0    0  255
   0    0    0  255
   0    0    0  255
   0    0    0  255
   0    0    0  255
   0    0    0  255
   0    0    0  255
   0    0    0  255
   0    0    0  255
   0    0    0  255
   0    0    0  255
   0    0    0  255
   0    0    0  255
   0    0    0  255
   0    0    0  255
   0    0    0  255
   0    0    0  255
   0    0    0  255
   0    0    0  255
   0    0    0  255
   0    0    0  255
   0    0    0  255
   0    0    0  255
   0    0    0  255
   0    0    0  255
   0    0    0  255
   0    0    0  255
   0    0    0  255
   0    0    0  255
   0    0    0  255
   0    0    0  255
   0    0    0  255
   0    0    0  255
   0    0    0  255
   0    0    0  255
   0    0    0  255
   0    0    0  255
   0    0    0  255
   0    0    0  255
   0    0    0  255
   0    0    0  255
   0    0    0  255
   0    0    0  255
   0    0    0  255
   0    0    0  255
   0    0    0  255
   0    0    0  255
   0    0    0  255
   0    0    0  255
   0    0    0  255
   0    0    0  255
   0    0    0  255
   0    0    0  255
   0    0    0  255
   0    0    0  255
   0    0    0  255
   0    0    0  255
   0    0    0  255
   0    0    0  255
   0    0    0  255
   0    0    0  255
   0    0    0  255
   0    0    0  255
   0    0    0  255
   0    0    0  255
   0    0    0  255
   0    0    0  255
   0    0    0  255
   0    0    0  255
   0    0    0  255
   0    0    0  255
   0    0    0  255
   0    0    0  255
   0    0    0  255
   0    0    0  255
   0    0    0  255
   0    0    0  255
   0    0    0  255
   0    0    0  255
   0    0    0  255
   0    0    0  255
   0    0    0  255
   0    0    0  255
   0    0    0  255
   0    0    0  255
   0    0    0  255
   0    0    0  255
   0    0    0  255
   0    0    0  255
   0    0    0  255
   0    0    0  255
   0    0    0  255
   0    0    0  255
   0    0    0  255
   0    0    0  255
   0    0    0  255
   0    0    0  255
   0    0    0  255
   0    0    0  255
   0    0    0  255
   0    0    0  255
   0    0    0  255
   0    0    0  255
   0    0    0  255
   0    0    0  255
   0    0    0  255
   0    0    0  255
   0    0    0  255
   0    0    0  255
   0    0    0  255
   0    0    0  255
   0    0    0  255
   0    0    0  255
   0    0    0  255
   0    0    0  255
   0    0    0  255
   0    0    0  255
   0    0    0  255
   0    0    0  255
   0    0    0  255
   0    0    0  255
   0    0    0  255
   0    0    0  255
   0    0    0  255
   0    0    0  255
   0    0    0  255
   0    0    0  255
   0    0    0  255
   0    0    0  255
   0    0    0  255
   0    0    0  255
   0    0    0  255
   0    0    0  255
   0    0    0  255
   0    0    0  255
   0    0    0  255
   0    0    0  255
   0    0    0  255
   0    0    0  255
   0    0    0  255
   0    0    0  255
   0    0    0  255
   0    0    0  255
   0    0    0  255
   0    0    0  255
   0    0    0  255
   0    0    0  255
   0    0    0  255
   0    0    0  255
   0    0    0  255
   0    0    0  255
   0    0    0  255
   0    0    0  255
   0    0    0  255
   0    0    0  255
   0    0    0  255
   0    0    0  255
   0    0    0  255
   0    0    0  255
   0    0    0  255
   0    0    0  255
   0    0    0  255
   0    0    0  255
   0    0    0  255
   0    0    0  255
   0    0    0  255
   0    0    0  255
   0    0    0  255
   0    0    0  255
   0    0    0  255
   0    0    0  255
   0    0    0  255
   0    0    0  255
   0    0    0  255
   0    0    0  255
   0    0    0  255
   0    0    0  255
   0    0    0  255
   0    0    0  255
   0    0    0  255
   0    0    0  255
   0    0    0  255
   0    0    0  255
   0    0    0  255
   0    0    0  255
   0    0    0  255
   0    0    0  255
   0    0    0  255
   0    0    0  255
   0    0    0  255
   0    0    0  255
   0    0    0  255
   0    0    0  255
   0    0    0  255
   0    0    0  255
   0    0    0  255
   0    0    0  255
   0    0    0  255
   0    0    0  255
   0    0    0  255
   0    0    0  255
   0    0    0  255
   0    0    0  255
   0    0    0  255
   0    0    0  255
   0    0    0  255
   0    0    0  255
   0    0    0  255
   0    0    0  255
   0    0    0  255
   0    0    0  255
   0    0    0  255
   0    0    0  255
   0    0    0  255
   0    0    0  255
   0    0    0  255
   0    0    0  255

 0 0 0 0    .... footer bytes
 27   [ 17 ]  28   [ 16 ]    tell says: 11344 
 28   [ 18 ] 
 9   [type identifier]   tell says: 11354 
250   [Number of vertices]
   0    0    0    0
   0    0    0    0
   0    0    0    0
   0    0    0    0
   0    0    0    0
   0    0    0    0
   0    0    0    0
   0    0    0    0
   0    0    0    0
   0    0    0    0
   0    0    0    0
   0    0    0    0
   0    0    0    0
   0    0    0    0
   0    0    0    0
   0    0    0    0
   0    0    0    0
   0    0    0    0
   0    0    0    0
   0    0    0    0
   0    0    0    0
   0    0    0    0
   0    0    0    0
   0    0    0    0
   0    0    0    0
   0    0    0    0
   0    0    0    0
   0    0    0    0
   0    0    0    0
   0    0    0    0
   0    0    0    0
   0    0    0    0
   0    0    0    0
   0    0    0    0
   0    0    0    0
   0    0    0    0
   0    0    0    0
   0    0    0    0
   0    0    0    0
   0    0    0    0
   0    0    0    0
   0    0    0    0
   0    0    0    0
   0    0    0    0
   0    0    0    0
   0    0    0    0
   0    0    0    0
   0    0    0    0
   0    0    0    0
   0    0    0    0
   0    0    0    0
   0    0    0    0
   0    0    0    0
   0    0    0    0
   0    0    0    0
   0    0    0    0
   0    0    0    0
   0    0    0    0
   0    0    0    0
   0    0    0    0
   0    0    0    0
   0    0    0    0
   0    0    0    0
   0    0    0    0
   0    0    0    0
   0    0    0    0
   0    0    0    0
   0    0    0    0
   0    0    0    0
   0    0    0    0
   0    0    0    0
   0    0    0    0
   0    0    0    0
   0    0    0    0
   0    0    0    0
   0    0    0    0
   0    0    0    0
   0    0    0    0
   0    0    0    0
   0    0    0    0
   0    0    0    0
   0    0    0    0
   0    0    0    0
   0    0    0    0
   0    0    0    0
   0    0    0    0
   0    0    0    0
   0    0    0    0
   0    0    0    0
   0    0    0    0
   0    0    0    0
   0    0    0    0
   0    0    0    0
   0    0    0    0
   0    0    0    0
   0    0    0    0
   0    0    0    0
   0    0    0    0
   0    0    0    0
   0    0    0    0
   0    0    0    0
   0    0    0    0
   0    0    0    0
   0    0    0    0
   0    0    0    0
   0    0    0    0
   0    0    0    0
   0    0    0    0
   0    0    0    0
   0    0    0    0
   0    0    0    0
   0    0    0    0
   0    0    0    0
   0    0    0    0
   0    0    0    0
   0    0    0    0
   0    0    0    0
   0    0    0    0
   0    0    0    0
   0    0    0    0
   0    0    0    0
   0    0    0    0
   0    0    0    0
   0    0    0    0
   0    0    0    0
   0    0    0    0
   0    0    0    0
   0    0    0    0
   0    0    0    0
   0    0    0    0
   0    0    0    0
   0    0    0    0
   0    0    0    0
   0    0    0    0
   0    0    0    0
   0    0    0    0
   0    0    0    0
   0    0    0    0
   0    0    0    0
   0    0    0    0
   0    0    0    0
   0    0    0    0
   0    0    0    0
   0    0    0    0
   0    0    0    0
   0    0    0    0
   0    0    0    0
   0    0    0    0
   0    0    0    0
   0    0    0    0
   0    0    0    0
   0    0    0    0
   0    0    0    0
   0    0    0    0
   0    0    0    0
   0    0    0    0
   0    0    0    0
   0    0    0    0
   0    0    0    0
   0    0    0    0
   0    0    0    0
   0    0    0    0
   0    0    0    0
   0    0    0    0
   0    0    0    0
   0    0    0    0
   0    0    0    0
   0    0    0    0
   0    0    0    0
   0    0    0    0
   0    0    0    0
   0    0    0    0
   0    0    0    0
   0    0    0    0
   0    0    0    0
   0    0    0    0
   0    0    0    0
   0    0    0    0
   0    0    0    0
   0    0    0    0
   0    0    0    0
   0    0    0    0
   0    0    0    0
   0    0    0    0
   0    0    0    0
   0    0    0    0
   0    0    0    0
   0    0    0    0
   0    0    0    0
   0    0    0    0
   0    0    0    0
   0    0    0    0
   0    0    0    0
   0    0    0    0
   0    0    0    0
   0    0    0    0
   0    0    0    0
   0    0    0    0
   0    0    0    0
   0    0    0    0
   0    0    0    0
   0    0    0    0
   0    0    0    0
   0    0    0    0
   0    0    0    0
   0    0    0    0
   0    0    0    0
   0    0    0    0
   0    0    0    0
   0    0    0    0
   0    0    0    0
   0    0    0    0
   0    0    0    0
   0    0    0    0
   0    0    0    0
   0    0    0    0
   0    0    0    0
   0    0    0    0
   0    0    0    0
   0    0    0    0
   0    0    0    0
   0    0    0    0
   0    0    0    0
   0    0    0    0
   0    0    0    0
   0    0    0    0
   0    0    0    0
   0    0    0    0
   0    0    0    0
   0    0    0    0
   0    0    0    0
   0    0    0    0
   0    0    0    0
   0    0    0    0
   0    0    0    0
   0    0    0    0
   0    0    0    0
   0    0    0    0
   0    0    0    0
   0    0    0    0
   0    0    0    0
   0    0    0    0
   0    0    0    0
   0    0    0    0
   0    0    0    0
   0    0    0    0
   0    0    0    0
   0    0    0    0
   0    0    0    0
   0    0    0    0

 0 0 0 0    .... footer bytes
 27   [ 19 ]  28   [ 18 ]    tell says: 12374 
 28   [ 20 ] 
 13   [type identifier]   tell says: 12384 
250   [Number of vertices]
   2    0    0    0
   2    0    0    0
   2    0    0    0
   2    0    0    0
   2    0    0    0
   2    0    0    0
   2    0    0    0
   2    0    0    0
   2    0    0    0
   2    0    0    0
   2    0    0    0
   2    0    0    0
   2    0    0    0
   2    0    0    0
   2    0    0    0
   2    0    0    0
   2    0    0    0
   2    0    0    0
   2    0    0    0
   2    0    0    0
   2    0    0    0
   2    0    0    0
   2    0    0    0
   2    0    0    0
   2    0    0    0
   2    0    0    0
   2    0    0    0
   2    0    0    0
   2    0    0    0
   2    0    0    0
   2    0    0    0
   2    0    0    0
   2    0    0    0
   2    0    0    0
   2    0    0    0
   2    0    0    0
   2    0    0    0
   2    0    0    0
   2    0    0    0
   2    0    0    0
   2    0    0    0
   2    0    0    0
   2    0    0    0
   2    0    0    0
   2    0    0    0
   2    0    0    0
   2    0    0    0
   2    0    0    0
   2    0    0    0
   2    0    0    0
   2    0    0    0
   2    0    0    0
   2    0    0    0
   2    0    0    0
   2    0    0    0
   2    0    0    0
   2    0    0    0
   2    0    0    0
   2    0    0    0
   2    0    0    0
   2    0    0    0
   2    0    0    0
   2    0    0    0
   2    0    0    0
   2    0    0    0
   2    0    0    0
   2    0    0    0
   2    0    0    0
   2    0    0    0
   2    0    0    0
   2    0    0    0
   2    0    0    0
   2    0    0    0
   2    0    0    0
   2    0    0    0
   2    0    0    0
   2    0    0    0
   2    0    0    0
   2    0    0    0
   2    0    0    0
   2    0    0    0
   2    0    0    0
   2    0    0    0
   2    0    0    0
   2    0    0    0
   2    0    0    0
   2    0    0    0
   2    0    0    0
   2    0    0    0
   2    0    0    0
   2    0    0    0
   2    0    0    0
   2    0    0    0
   2    0    0    0
   2    0    0    0
   2    0    0    0
   2    0    0    0
   2    0    0    0
   2    0    0    0
   2    0    0    0
   2    0    0    0
   2    0    0    0
   2    0    0    0
   2    0    0    0
   2    0    0    0
   2    0    0    0
   2    0    0    0
   2    0    0    0
   2    0    0    0
   2    0    0    0
   2    0    0    0
   2    0    0    0
   2    0    0    0
   2    0    0    0
   2    0    0    0
   2    0    0    0
   2    0    0    0
   2    0    0    0
   2    0    0    0
   2    0    0    0
   2    0    0    0
   2    0    0    0
   2    0    0    0
   2    0    0    0
   2    0    0    0
   2    0    0    0
   2    0    0    0
   2    0    0    0
   2    0    0    0
   2    0    0    0
   2    0    0    0
   2    0    0    0
   2    0    0    0
   2    0    0    0
   2    0    0    0
   2    0    0    0
   2    0    0    0
   2    0    0    0
   2    0    0    0
   2    0    0    0
   2    0    0    0
   2    0    0    0
   2    0    0    0
   2    0    0    0
   2    0    0    0
   2    0    0    0
   2    0    0    0
   2    0    0    0
   2    0    0    0
   2    0    0    0
   2    0    0    0
   2    0    0    0
   2    0    0    0
   2    0    0    0
   2    0    0    0
   2    0    0    0
   2    0    0    0
   2    0    0    0
   2    0    0    0
   2    0    0    0
   2    0    0    0
   2    0    0    0
   2    0    0    0
   2    0    0    0
   2    0    0    0
   2    0    0    0
   2    0    0    0
   2    0    0    0
   2    0    0    0
   2    0    0    0
   2    0    0    0
   2    0    0    0
   2    0    0    0
   2    0    0    0
   2    0    0    0
   2    0    0    0
   2    0    0    0
   2    0    0    0
   2    0    0    0
   2    0    0    0
   2    0    0    0
   2    0    0    0
   2    0    0    0
   2    0    0    0
   2    0    0    0
   2    0    0    0
   2    0    0    0
   2    0    0    0
   2    0    0    0
   2    0    0    0
   2    0    0    0
   2    0    0    0
   2    0    0    0
   2    0    0    0
   2    0    0    0
   2    0    0    0
   2    0    0    0
   2    0    0    0
   2    0    0    0
   2    0    0    0
   2    0    0    0
   2    0    0    0
   2    0    0    0
   2    0    0    0
   2    0    0    0
   2    0    0    0
   2    0    0    0
   2    0    0    0
   2    0    0    0
   2    0    0    0
   2    0    0    0
   2    0    0    0
   2    0    0    0
   2    0    0    0
   2    0    0    0
   2    0    0    0
   2    0    0    0
   2    0    0    0
   2    0    0    0
   2    0    0    0
   2    0    0    0
   2    0    0    0
   2    0    0    0
   2    0    0    0
   2    0    0    0
   2    0    0    0
   2    0    0    0
   2    0    0    0
   2    0    0    0
   2    0    0    0
   2    0    0    0
   2    0    0    0
   2    0    0    0
   2    0    0    0
   2    0    0    0
   2    0    0    0
   2    0    0    0
   2    0    0    0
   2    0    0    0
   2    0    0    0
   2    0    0    0
   2    0    0    0
   2    0    0    0
   2    0    0    0
   2    0    0    0
   2    0    0    0
   2    0    0    0
   2    0    0    0
   2    0    0    0
   2    0    0    0

 0 0 0 0    .... footer bytes
 27   [ 21 ]  28   [ 20 ]    tell says: 13404 
 28   [ 22 ] 
 14   [type identifier]   tell says: 13414 
250   [Number of vertices]
   2    0    0    0
   2    0    0    0
   2    0    0    0
   2    0    0    0
   2    0    0    0
   2    0    0    0
   2    0    0    0
   2    0    0    0
   2    0    0    0
   2    0    0    0
   2    0    0    0
   2    0    0    0
   2    0    0    0
   2    0    0    0
   2    0    0    0
   2    0    0    0
   2    0    0    0
   2    0    0    0
   2    0    0    0
   2    0    0    0
   2    0    0    0
   2    0    0    0
   2    0    0    0
   2    0    0    0
   2    0    0    0
   2    0    0    0
   2    0    0    0
   2    0    0    0
   2    0    0    0
   2    0    0    0
   2    0    0    0
   2    0    0    0
   2    0    0    0
   2    0    0    0
   2    0    0    0
   2    0    0    0
   2    0    0    0
   2    0    0    0
   2    0    0    0
   2    0    0    0
   2    0    0    0
   2    0    0    0
   2    0    0    0
   2    0    0    0
   2    0    0    0
   2    0    0    0
   2    0    0    0
   2    0    0    0
   2    0    0    0
   2    0    0    0
   2    0    0    0
   2    0    0    0
   2    0    0    0
   2    0    0    0
   2    0    0    0
   2    0    0    0
   2    0    0    0
   2    0    0    0
   2    0    0    0
   2    0    0    0
   2    0    0    0
   2    0    0    0
   2    0    0    0
   2    0    0    0
   2    0    0    0
   2    0    0    0
   2    0    0    0
   2    0    0    0
   2    0    0    0
   2    0    0    0
   2    0    0    0
   2    0    0    0
   2    0    0    0
   2    0    0    0
   2    0    0    0
   2    0    0    0
   2    0    0    0
   2    0    0    0
   2    0    0    0
   2    0    0    0
   2    0    0    0
   2    0    0    0
   2    0    0    0
   2    0    0    0
   2    0    0    0
   2    0    0    0
   2    0    0    0
   2    0    0    0
   2    0    0    0
   2    0    0    0
   2    0    0    0
   2    0    0    0
   2    0    0    0
   2    0    0    0
   2    0    0    0
   2    0    0    0
   2    0    0    0
   2    0    0    0
   2    0    0    0
   2    0    0    0
   2    0    0    0
   2    0    0    0
   2    0    0    0
   2    0    0    0
   2    0    0    0
   2    0    0    0
   2    0    0    0
   2    0    0    0
   2    0    0    0
   2    0    0    0
   2    0    0    0
   2    0    0    0
   2    0    0    0
   2    0    0    0
   2    0    0    0
   2    0    0    0
   2    0    0    0
   2    0    0    0
   2    0    0    0
   2    0    0    0
   2    0    0    0
   2    0    0    0
   2    0    0    0
   2    0    0    0
   2    0    0    0
   2    0    0    0
   2    0    0    0
   2    0    0    0
   2    0    0    0
   2    0    0    0
   2    0    0    0
   2    0    0    0
   2    0    0    0
   2    0    0    0
   2    0    0    0
   2    0    0    0
   2    0    0    0
   2    0    0    0
   2    0    0    0
   2    0    0    0
   2    0    0    0
   2    0    0    0
   2    0    0    0
   2    0    0    0
   2    0    0    0
   2    0    0    0
   2    0    0    0
   2    0    0    0
   2    0    0    0
   2    0    0    0
   2    0    0    0
   2    0    0    0
   2    0    0    0
   2    0    0    0
   2    0    0    0
   2    0    0    0
   2    0    0    0
   2    0    0    0
   2    0    0    0
   2    0    0    0
   2    0    0    0
   2    0    0    0
   2    0    0    0
   2    0    0    0
   2    0    0    0
   2    0    0    0
   2    0    0    0
   2    0    0    0
   2    0    0    0
   2    0    0    0
   2    0    0    0
   2    0    0    0
   2    0    0    0
   2    0    0    0
   2    0    0    0
   2    0    0    0
   2    0    0    0
   2    0    0    0
   2    0    0    0
   2    0    0    0
   2    0    0    0
   2    0    0    0
   2    0    0    0
   2    0    0    0
   2    0    0    0
   2    0    0    0
   2    0    0    0
   2    0    0    0
   2    0    0    0
   2    0    0    0
   2    0    0    0
   2    0    0    0
   2    0    0    0
   2    0    0    0
   2    0    0    0
   2    0    0    0
   2    0    0    0
   2    0    0    0
   2    0    0    0
   2    0    0    0
   2    0    0    0
   2    0    0    0
   2    0    0    0
   2    0    0    0
   2    0    0    0
   2    0    0    0
   2    0    0    0
   2    0    0    0
   2    0    0    0
   2    0    0    0
   2    0    0    0
   2    0    0    0
   2    0    0    0
   2    0    0    0
   2    0    0    0
   2    0    0    0
   2    0    0    0
   2    0    0    0
   2    0    0    0
   2    0    0    0
   2    0    0    0
   2    0    0    0
   2    0    0    0
   2    0    0    0
   2    0    0    0
   2    0    0    0
   2    0    0    0
   2    0    0    0
   2    0    0    0
   2    0    0    0
   2    0    0    0
   2    0    0    0
   2    0    0    0
   2    0    0    0
   2    0    0    0
   2    0    0    0
   2    0    0    0
   2    0    0    0
   2    0    0    0
   2    0    0    0
   2    0    0    0
   2    0    0    0
   2    0    0    0
   2    0    0    0
   2    0    0    0
   2    0    0    0
   2    0    0    0
   2    0    0    0
   2    0    0    0
   2    0    0    0

 0 0 0 0    .... footer bytes
 27   [ 23 ]  28   [ 22 ]    tell says: 14434 
 28   [ 24 ] 
 2   [type identifier]   tell says: 14444 
250   [Number of vertices]
   0    0    0    0
   0    0    0    0
   0    0    0    0
   0    0    0    0
   0    0    0    0
   0    0    0    0
   0    0    0    0
   0    0    0    0
   0    0    0    0
   0    0    0    0
   0    0    0    0
   0    0    0    0
   0    0    0    0
   0    0    0    0
   0    0    0    0
   0    0    0    0
   0    0    0    0
   0    0    0    0
   0    0    0    0
   0    0    0    0
   0    0    0    0
   0    0    0    0
   0    0    0    0
   0    0    0    0
   0    0    0    0
   0    0    0    0
   0    0    0    0
   0    0    0    0
   0    0    0    0
   0    0    0    0
   0    0    0    0
   0    0    0    0
   0    0    0    0
   0    0    0    0
   0    0    0    0
   0    0    0    0
   0    0    0    0
   0    0    0    0
   0    0    0    0
   0    0    0    0
   0    0    0    0
   0    0    0    0
   0    0    0    0
   0    0    0    0
   0    0    0    0
   0    0    0    0
   0    0    0    0
   0    0    0    0
   0    0    0    0
   0    0    0    0
   0    0    0    0
   0    0    0    0
   0    0    0    0
   0    0    0    0
   0    0    0    0
   0    0    0    0
   0    0    0    0
   0    0    0    0
   0    0    0    0
   0    0    0    0
   0    0    0    0
   0    0    0    0
   0    0    0    0
   0    0    0    0
   0    0    0    0
   0    0    0    0
   0    0    0    0
   0    0    0    0
   0    0    0    0
   0    0    0    0
   0    0    0    0
   0    0    0    0
   0    0    0    0
   0    0    0    0
   0    0    0    0
   0    0    0    0
   0    0    0    0
   0    0    0    0
   0    0    0    0
   0    0    0    0
   0    0    0    0
   0    0    0    0
   0    0    0    0
   0    0    0    0
   0    0    0    0
   0    0    0    0
   0    0    0    0
   0    0    0    0
   0    0    0    0
   0    0    0    0
   0    0    0    0
   0    0    0    0
   0    0    0    0
   0    0    0    0
   0    0    0    0
   0    0    0    0
   0    0    0    0
   0    0    0    0
   0    0    0    0
   0    0    0    0
   0    0    0    0
   0    0    0    0
   0    0    0    0
   0    0    0    0
   0    0    0    0
   0    0    0    0
   0    0    0    0
   0    0    0    0
   0    0    0    0
   0    0    0    0
   0    0    0    0
   0    0    0    0
   0    0    0    0
   0    0    0    0
   0    0    0    0
   0    0    0    0
   0    0    0    0
   0    0    0    0
   0    0    1    0
   0    0    1    0
   0    0    1    0
   0    0    1    0
   0    0    1    0
   0    0    1    0
   0    0    1    0
   0    0    1    0
   0    0    1    0
   0    0    1    0
   0    0    1    0
   0    0    1    0
   0    0    1    0
   0    0    1    0
   0    0    1    0
   0    0    1    0
   0    0    1    0
   0    0    1    0
   0    0    1    0
   0    0    1    0
   0    0    1    0
   0    0    1    0
   0    0    1    0
   0    0    1    0
   0    0    1    0
   0    0    1    0
   0    0    1    0
   0    0    1    0
   0    0    1    0
   0    0    1    0
   0    0    1    0
   0    0    1    0
   0    0    1    0
   0    0    1    0
   0    0    1    0
   0    0    1    0
   0    0    1    0
   0    0    1    0
   0    0    1    0
   0    0    1    0
   0    0    1    0
   0    0    1    0
   0    0    1    0
   0    0    1    0
   0    0    1    0
   0    0    1    0
   0    0    1    0
   0    0    1    0
   0    0    1    0
   0    0    1    0
   0    0    1    0
   0    0    1    0
   0    0    1    0
   0    0    1    0
   0    0    1    0
   0    0    1    0
   0    0    1    0
   0    0    1    0
   0    0    1    0
   0    0    1    0
   0    0    1    0
   0    0    1    0
   0    0    1    0
   0    0    1    0
   0    0    1    0
   0    0    1    0
   0    0    1    0
   0    0    1    0
   0    0    1    0
   0    0    1    0
   0    0    1    0
   0    0    1    0
   0    0    1    0
   0    0    1    0
   0    0    1    0
   0    0    1    0
   0    0    1    0
   0    0    1    0
   0    0    1    0
   0    0    1    0
   0    0    1    0
   0    0    1    0
   0    0    1    0
   0    0    1    0
   0    0    1    0
   0    0    1    0
   0    0    1    0
   0    0    1    0
   0    0    1    0
   0    0    1    0
   0    0    1    0
   0    0    1    0
   0    0    1    0
   0    0    1    0
   0    0    1    0
   0    0    1    0
   0    0    1    0
   0    0    1    0
   0    0    1    0
   0    0    1    0
   0    0    1    0
   0    0    1    0
   0    0    1    0
   0    0    1    0
   0    0    1    0
   0    0    1    0
   0    0    1    0
   0    0    1    0
   0    0    1    0
   0    0    1    0
   0    0    1    0
   0    0    1    0
   0    0    1    0
   0    0    1    0
   0    0    1    0
   0    0    1    0
   0    0    1    0
   0    0    1    0
   0    0    1    0
   0    0    1    0
   0    0    1    0
   0    0    1    0
   0    0    1    0
   0    0    1    0
   0    0    1    0
   0    0    1    0
   0    0    1    0
   0    0    1    0
   0    0    1    0
   0    0    1    0
   0    0    1    0
   0    0    1    0

 0 0 0 0    .... footer bytes
 27   [ 25 ]  28   [ 24 ]    tell says: 15464 
 0 0 0 ....zeroes
 0.09663934  -1.32642496  2.34923100  12.37449646    tell says: 15490 
 0 ....zeroes   tell says: 15494 
0   [Number of bonestrings]
 3   1 0 [ 26 ]  4   [ 1 ] 
 0      .....pad
1   [number of textures]
 0      .....pad
 38   1 4 [ 27 ] 
19 buildingskinnedlod0
17
40 BlockSet/Textures/mt_small_walls.texture
47 BlockSet/Textures/mt_small_walls_normal.texture
Expected 15 integer zeroes
 0  0  0  0  0  0  0  0  0  0  0  0  0  0  0 
constant three integers 4, 1 and 3
 4  1  3
variable 4 bytes
18 192 63  0 

 4
255 255 255 255 
255 255 255 255 
255 255 255 255 
255 255 255 255 

 9
 0  0  0  0 
 0  0  0  0 
 0  0  0  0 
 0  0  0  0 
 0  0  0  0 
 0  0  0  0 
 0  0  0  0 
 0  0  0  0 
 0  0  0  0 

 8
  2
   0    short pad .....
   0  0 128 63  0  0  0  0  0  0  0  0  0  0  0  0  0  0  0  0  0  0 128 63  0  0  0  0  0  0  0  0
  2
   0  0 128 63  0  0  0  0  0  0  0  0  0  0  0  0  0  0  0  0  0  0 128 63  0  0  0  0  0  0  0  0
  2
   0  0 128 63  0  0  0  0  0  0  0  0  0  0  0  0  0  0  0  0  0  0 128 63  0  0  0  0  0  0  0  0
  2
   0  0 128 63  0  0  0  0  0  0  0  0  0  0  0  0  0  0  0  0  0  0 128 63  0  0  0  0  0  0  0  0
  2
   0  0 128 63  0  0  0  0  0  0  0  0  0  0  0  0  0  0  0  0  0  0 128 63  0  0  0  0  0  0  0  0
  2
   0  0 128 63  0  0  0  0  0  0  0  0  0  0  0  0  0  0  0  0  0  0 128 63  0  0  0  0  0  0  0  0
  2
   0  0 128 63  0  0  0  0  0  0  0  0  0  0  0  0  0  0  0  0  0  0 128 63  0  0  0  0  0  0  0  0
  2
   0  0 128 63  0  0  0  0  0  0  0  0  0  0  0  0  0  0  0  0  0  0 128 63  0  0  0  0  0  0  0  0
 37   1 0 [ 28 ]  38   [ 27 ]    tell says: 16094 
complex binding sphere    tell says: 16094
+0.09664 -1.32642 +2.34923 +12.37450    tell says: 16110 

