 4   1 3 [ 1 ] 
 0      .....pad
 7   1 0 [ 2 ] 
 0      .....pad
1   [Number of trianglegroups]
 0      .....pad
 11   1 3 [ 3 ] 
 0
 0
 0      .....pad
 64 ...number of triangles    tell says: 97 
   53     46     52
   52     46     51
   51     46     50
   50     46     49
   49     46     48
   48     46     47
   47     46     45
   44     37     43
   43     37     42
   42     37     41
   41     37     40
   40     37     39
   39     37     38
   38     37     36
   33     34     35
   34     33     32
   17     31      8
   31     17     30
   16     29      7
   29     16     28
   15     27      6
   27     15     26
   14     25      5
   25     14     24
   13     23      4
   23     13     22
   12     21      3
   21     12     20
   11     19      2
   19     11     18
   10      0      1
    0     10      9
  107    100    106
  106    100    105
  105    100    104
  104    100    103
  103    100    102
  102    100    101
  101    100     99
   98     91     97
   97     91     96
   96     91     95
   95     91     94
   94     91     93
   93     91     92
   92     91     90
   87     88     89
   88     87     86
   71     85     62
   85     71     84
   70     83     61
   83     70     82
   69     81     60
   81     69     80
   68     79     59
   79     68     78
   67     77     58
   77     67     76
   66     75     57
   75     66     74
   65     73     56
   73     65     72
   64     54     55
   54     64     63
 0 ...groupflag    tell says: 485 
 0 0 0 0 0    .... first time bytes
 10   1 0 [ 4 ]  11   [ 3 ] 
 6   1 0 [ 5 ]  7   [ 2 ] 
108   [Number of vertices]
 0      .....pad
2   [Number of floatpairgroups]
 0      .....pad
 18   1 0 [ 6 ] 
 4   [type identifier]   tell says: 542 
 0      .....pad
108   [Number of vertices]
   0.2347667      0.8019421
   0.2347666      0.8204782
   0.2347666      0.8497183
   0.2347666      0.8799292
   0.2343750      1.0000000
   0.2347666      0.9658028
   0.2343750      0.8800574
   0.2343750      0.9997389
   0.2347666      0.9857496
   0.2503917      0.8019421
   0.2503917      0.8204782
   0.2503917      0.8497183
   0.2503917      0.8799292
   0.2500000      1.0000000
   0.2503916      0.9658028
   0.2500000      0.8800574
   0.2499999      0.9997389
   0.2503917      0.9857496
   0.2503917      0.8204782
   0.2347666      0.8204782
   0.2503917      0.8497183
   0.2347666      0.8497183
   0.2500000      0.9548177
   0.2343750      0.9548177
   0.2503917      0.9251115
   0.2347666      0.9251115
   0.2499999      0.8522275
   0.2343750      0.8522275
   0.2500000      0.8800574
   0.2343750      0.8800574
   0.2503916      0.8021030
   0.2347666      0.8021030
   0.2343750      1.0000000
   0.2343750      0.7876917
   0.2500000      1.0000000
   0.2500000      0.7876917
   0.0663534      0.9997389
   0.2500000      1.0000000
   0.0661926      0.8800574
   0.0869226      0.8522275
   0.1276138      0.8250476
   0.1727962      0.8025382
   0.2030071      0.7942322
   0.2322472      0.7895374
   0.2507833      0.7876917
   0.2507833      0.7876917
   0.2500000      1.0000000
   0.2322472      0.7895374
   0.2030071      0.7942322
   0.1727962      0.8025382
   0.1276138      0.8250476
   0.0869226      0.8522275
   0.0661926      0.8800574
   0.0663534      0.9997389
   0.2347667      0.8019421
   0.2347666      0.8204782
   0.2347666      0.8497183
   0.2347666      0.8799292
   0.2343750      1.0000000
   0.2347666      0.9658028
   0.2343750      0.8800574
   0.2343750      0.9997389
   0.2347666      0.9857496
   0.2503917      0.8019421
   0.2503917      0.8204782
   0.2503917      0.8497183
   0.2503917      0.8799292
   0.2500000      1.0000000
   0.2503916      0.9658028
   0.2500000      0.8800574
   0.2499999      0.9997389
   0.2503917      0.9857496
   0.2503917      0.8204782
   0.2347666      0.8204782
   0.2503917      0.8497183
   0.2347666      0.8497183
   0.2500000      0.9548177
   0.2343750      0.9548177
   0.2503917      0.9251115
   0.2347666      0.9251115
   0.2499999      0.8522275
   0.2343750      0.8522275
   0.2500000      0.8800574
   0.2343750      0.8800574
   0.2503916      0.8021030
   0.2347666      0.8021030
   0.2343750      1.0000000
   0.2343750      0.7876917
   0.2500000      1.0000000
   0.2500000      0.7876917
   0.0663534      0.9997389
   0.2500000      1.0000000
   0.0661926      0.8800574
   0.0869226      0.8522275
   0.1276138      0.8250476
   0.1727962      0.8025382
   0.2030071      0.7942322
   0.2322472      0.7895374
   0.2507833      0.7876917
   0.2507833      0.7876917
   0.2500000      1.0000000
   0.2322472      0.7895374
   0.2030071      0.7942322
   0.1727962      0.8025382
   0.1276138      0.8250476
   0.0869226      0.8522275
   0.0661926      0.8800574
   0.0663534      0.9997389

 0 0 0 0    .... footer bytes
 17   1 0 [ 7 ]  18   [ 6 ] 
 18   [ 8 ] 
 1   [type identifier]   tell says: 1440 
108   [Number of vertices]
   0.0000000      0.0000000
   0.0000000      0.0000000
   0.0000000      0.0000000
   0.0000000      0.0000000
   0.0000000      0.0000000
   0.0000000      0.0000000
   0.0000000      0.0000000
   0.0000000      0.0000000
   0.0000000      0.0000000
   0.0000000      0.0000000
   0.0000000      0.0000000
   0.0000000      0.0000000
   0.0000000      0.0000000
   0.0000000      0.0000000
   0.0000000      0.0000000
   0.0000000      0.0000000
   0.0000000      0.0000000
   0.0000000      0.0000000
   0.0000000      0.0000000
   0.0000000      0.0000000
   0.0000000      0.0000000
   0.0000000      0.0000000
   0.0000000      0.0000000
   0.0000000      0.0000000
   0.0000000      0.0000000
   0.0000000      0.0000000
   0.0000000      0.0000000
   0.0000000      0.0000000
   0.0000000      0.0000000
   0.0000000      0.0000000
   0.0000000      0.0000000
   0.0000000      0.0000000
   0.0000000      0.0000000
   0.0000000      0.0000000
   0.0000000      0.0000000
   0.0000000      0.0000000
   0.0000000      0.0000000
   0.0000000      0.0000000
   0.0000000      0.0000000
   0.0000000      0.0000000
   0.0000000      0.0000000
   0.0000000      0.0000000
   0.0000000      0.0000000
   0.0000000      0.0000000
   0.0000000      0.0000000
   0.0000000      0.0000000
   0.0000000      0.0000000
   0.0000000      0.0000000
   0.0000000      0.0000000
   0.0000000      0.0000000
   0.0000000      0.0000000
   0.0000000      0.0000000
   0.0000000      0.0000000
   0.0000000      0.0000000
   0.0000000      0.0000000
   0.0000000      0.0000000
   0.0000000      0.0000000
   0.0000000      0.0000000
   0.0000000      0.0000000
   0.0000000      0.0000000
   0.0000000      0.0000000
   0.0000000      0.0000000
   0.0000000      0.0000000
   0.0000000      0.0000000
   0.0000000      0.0000000
   0.0000000      0.0000000
   0.0000000      0.0000000
   0.0000000      0.0000000
   0.0000000      0.0000000
   0.0000000      0.0000000
   0.0000000      0.0000000
   0.0000000      0.0000000
   0.0000000      0.0000000
   0.0000000      0.0000000
   0.0000000      0.0000000
   0.0000000      0.0000000
   0.0000000      0.0000000
   0.0000000      0.0000000
   0.0000000      0.0000000
   0.0000000      0.0000000
   0.0000000      0.0000000
   0.0000000      0.0000000
   0.0000000      0.0000000
   0.0000000      0.0000000
   0.0000000      0.0000000
   0.0000000      0.0000000
   0.0000000      0.0000000
   0.0000000      0.0000000
   0.0000000      0.0000000
   0.0000000      0.0000000
   0.0000000      0.0000000
   0.0000000      0.0000000
   0.0000000      0.0000000
   0.0000000      0.0000000
   0.0000000      0.0000000
   0.0000000      0.0000000
   0.0000000      0.0000000
   0.0000000      0.0000000
   0.0000000      0.0000000
   0.0000000      0.0000000
   0.0000000      0.0000000
   0.0000000      0.0000000
   0.0000000      0.0000000
   0.0000000      0.0000000
   0.0000000      0.0000000
   0.0000000      0.0000000
   0.0000000      0.0000000
   0.0000000      0.0000000

 0 0 0 0    .... footer bytes
 17   [ 9 ]  18   [ 8 ] 
 0      .....pad
1   [Number of floattriplesgroups]
 0      .....pad
 23   1 0 [ 10 ] 
 0   [type identifier]   tell says: 2344 
 0      .....pad
108   [Number of vertices]
  -0.0210003      3.3969326      0.1411372
   0.6590423      3.3378718      0.1411372
   1.5947232      3.1876390      0.1411373
   2.5614738      2.9218473      0.1411371
   4.0073085      2.2015440      0.1411370
   5.3094268      1.3317873      0.1411371
   5.9727883      0.4412305      0.1411369
   5.9676409     -3.3885772      0.1411367
   0.0040625     -3.3969316      0.1411368
  -0.0136716      3.3969328     -0.1411389
   0.5794829      3.3378718     -0.1411389
   1.5947232      3.1876390     -0.1411387
   2.5614738      2.9218471     -0.1411388
   4.0073085      2.2015438     -0.1411389
   5.3094268      1.3317873     -0.1411387
   5.9727883      0.4412306     -0.1411389
   5.9676409     -3.3885772     -0.1411391
   0.0113912     -3.3969316     -0.1411391
   0.5794829      3.3378718     -0.1411389
   0.6590423      3.3378718      0.1411372
   1.5947232      3.1876390     -0.1411387
   1.5947232      3.1876390      0.1411373
   2.5614738      2.9218471     -0.1411388
   2.5614738      2.9218473      0.1411371
   4.0073085      2.2015438     -0.1411389
   4.0073085      2.2015440      0.1411370
   5.3094268      1.3317873     -0.1411387
   5.3094268      1.3317873      0.1411371
   5.9727883      0.4412306     -0.1411389
   5.9727883      0.4412305      0.1411369
   5.9676409     -3.3885772     -0.1411391
   5.9676409     -3.3885772      0.1411367
   0.0113912     -3.3969316     -0.1411391
  -0.0136716      3.3969328     -0.1411389
   0.0040625     -3.3969316      0.1411368
  -0.0210003      3.3969326      0.1411372
   5.9676409     -3.3885772      0.1411367
   0.0040625     -3.3969316      0.1411368
   5.9727883      0.4412305      0.1411369
   5.3094268      1.3317873      0.1411371
   4.0073085      2.2015440      0.1411370
   2.5614738      2.9218473      0.1411371
   1.5947232      3.1876390      0.1411373
   0.6590423      3.3378718      0.1411372
  -0.0210003      3.3969326      0.1411372
  -0.0136716      3.3969328     -0.1411389
   0.0113912     -3.3969316     -0.1411391
   0.5794829      3.3378718     -0.1411389
   1.5947232      3.1876390     -0.1411387
   2.5614738      2.9218471     -0.1411388
   4.0073085      2.2015438     -0.1411389
   5.3094268      1.3317873     -0.1411387
   5.9727883      0.4412306     -0.1411389
   5.9676409     -3.3885772     -0.1411391
   0.0210007      3.3969326     -0.1411377
  -0.6590419      3.3378718     -0.1411376
  -1.5947227      3.1876390     -0.1411376
  -2.5614738      2.9218473     -0.1411374
  -4.0073080      2.2015440     -0.1411371
  -5.3094268      1.3317873     -0.1411371
  -5.9727883      0.4412305     -0.1411369
  -5.9676409     -3.3885772     -0.1411367
  -0.0040622     -3.3969316     -0.1411373
   0.0136720      3.3969328      0.1411384
  -0.5794829      3.3378718      0.1411384
  -1.5947227      3.1876390      0.1411383
  -2.5614738      2.9218471      0.1411386
  -4.0073080      2.2015438      0.1411387
  -5.3094268      1.3317873      0.1411387
  -5.9727883      0.4412306      0.1411390
  -5.9676409     -3.3885772      0.1411392
  -0.0113908     -3.3969316      0.1411386
  -0.5794829      3.3378718      0.1411384
  -0.6590419      3.3378718     -0.1411376
  -1.5947227      3.1876390      0.1411383
  -1.5947227      3.1876390     -0.1411376
  -2.5614738      2.9218471      0.1411386
  -2.5614738      2.9218473     -0.1411374
  -4.0073080      2.2015438      0.1411387
  -4.0073080      2.2015440     -0.1411371
  -5.3094268      1.3317873      0.1411387
  -5.3094268      1.3317873     -0.1411371
  -5.9727883      0.4412306      0.1411390
  -5.9727883      0.4412305     -0.1411369
  -5.9676409     -3.3885772      0.1411392
  -5.9676409     -3.3885772     -0.1411367
  -0.0113908     -3.3969316      0.1411386
   0.0136720      3.3969328      0.1411384
  -0.0040622     -3.3969316     -0.1411373
   0.0210007      3.3969326     -0.1411377
  -5.9676409     -3.3885772     -0.1411367
  -0.0040622     -3.3969316     -0.1411373
  -5.9727883      0.4412305     -0.1411369
  -5.3094268      1.3317873     -0.1411371
  -4.0073080      2.2015440     -0.1411371
  -2.5614738      2.9218473     -0.1411374
  -1.5947227      3.1876390     -0.1411376
  -0.6590419      3.3378718     -0.1411376
   0.0210007      3.3969326     -0.1411377
   0.0136720      3.3969328      0.1411384
  -0.0113908     -3.3969316      0.1411386
  -0.5794829      3.3378718      0.1411384
  -1.5947227      3.1876390      0.1411383
  -2.5614738      2.9218471      0.1411386
  -4.0073080      2.2015438      0.1411387
  -5.3094268      1.3317873      0.1411387
  -5.9727883      0.4412306      0.1411390
  -5.9676409     -3.3885772      0.1411392

 0 0 0 0    .... footer bytes
 22   1 0 [ 11 ]  23   [ 10 ] 
 0      .....pad
7   [Number of bytequadgroups]
 0      .....pad
 28   1 0 [ 12 ] 
 3   [type identifier]   tell says: 3684 
 0      .....pad
108   [Number of vertices]
 126  254  139    0
 124  254  138    0
 127  253  147    0
 127  250  161    0
 127  241  184    0
 127  233  198    0
 127  203  229    0
 127  127  254    0
 127    0  127    0
 127  254  140    0
 126  254  139    0
 124  253  146    0
 127  250  161    0
 127  241  184    0
 127  233  198    0
 127  203  229    0
 127  127  254    0
 127    0  127    0
 122  253  146    0
 124  253  146    0
 127  250  161    0
 127  250  161    0
 127  241  184    0
 127  241  184    0
 127  233  198    0
 127  233  198    0
 127  203  229    0
 127  203  229    0
 127  127  254    0
 127  127  254    0
 127    0  127    0
 127    0  127    0
 124  127    0    0
 124  127    0    0
 124  127    0    0
 124  127    0    0
 255  127  127    0
 255  127  127    0
 255  127  127    0
 255  127  127    0
 255  127  127    0
 255  127  127    0
 255  127  127    0
 255  127  127    0
 255  127  127    0
   0  127  127    0
   0  127  127    0
   0  127  127    0
   0  127  127    0
   0  127  127    0
   0  127  127    0
   0  127  127    0
   0  127  127    0
   0  127  127    0
 128  254  115    0
 130  254  116    0
 127  253  107    0
 127  250   93    0
 127  241   70    0
 127  233   56    0
 127  203   25    0
 127  127    0    0
 127    0  127    0
 127  254  114    0
 128  254  115    0
 130  253  108    0
 127  250   93    0
 127  241   70    0
 127  233   56    0
 127  203   25    0
 127  127    0    0
 127    0  127    0
 132  253  108    0
 130  253  108    0
 127  250   93    0
 127  250   93    0
 127  241   70    0
 127  241   70    0
 127  233   56    0
 127  233   56    0
 127  203   25    0
 127  203   25    0
 127  127    0    0
 127  127    0    0
 127    0  127    0
 127    0  127    0
 130  127  254    0
 130  127  254    0
 130  127  254    0
 130  127  254    0
   0  127  127    0
   0  127  127    0
   0  127  127    0
   0  127  127    0
   0  127  127    0
   0  127  127    0
   0  127  127    0
   0  127  127    0
   0  127  127    0
 255  127  127    0
 255  127  127    0
 255  127  127    0
 255  127  127    0
 255  127  127    0
 255  127  127    0
 255  127  127    0
 255  127  127    0
 255  127  127    0

 0 0 0 0    .... footer bytes
 27   1 0 [ 13 ]  28   [ 12 ]    tell says: 4140 
 28   [ 14 ] 
 10   [type identifier]   tell says: 4150 
108   [Number of vertices]
 254  127  143    0
 250  127  162    0
 255  127  127    0
 255  127  127    0
 255  127  127    0
 255  127  127    0
 255  127  127    0
 255  127  127    0
 254  127  124    0
 254  127  124    0
 254  127  143    0
 253  127  144    0
 255  127  127    0
 255  127  127    0
 255  127  127    0
 255  127  127    0
 255  127  127    0
 254  127  125    0
 250  127  162    0
 253  127  144    0
 255  127  127    0
 255  127  127    0
 255  127  127    0
 255  127  127    0
 255  127  127    0
 255  127  127    0
 255  127  127    0
 255  127  127    0
 255  127  127    0
 255  127  127    0
 255  127  127    0
 254  127  125    0
   0  127  130    0
   0  127  130    0
   0  127  130    0
   0  127  130    0
 127  127  255    0
 127  127  255    0
 127  127  255    0
 127  127  255    0
 127  127  255    0
 127  127  255    0
 127  127  255    0
 127  127  255    0
 127  127  255    0
 127  127  255    0
 127  127  255    0
 127  127  255    0
 127  127  255    0
 127  127  255    0
 127  127  255    0
 127  127  255    0
 127  127  255    0
 127  127  255    0
   0  127  111    0
   4  127   92    0
   0  127  127    0
   0  127  127    0
   0  127  127    0
   0  127  127    0
   0  127  127    0
   0  127  127    0
   0  127  130    0
   0  127  130    0
   0  127  111    0
   1  127  110    0
   0  127  127    0
   0  127  127    0
   0  127  127    0
   0  127  127    0
   0  127  127    0
   0  127  129    0
   4  127   92    0
   1  127  110    0
   0  127  127    0
   0  127  127    0
   0  127  127    0
   0  127  127    0
   0  127  127    0
   0  127  127    0
   0  127  127    0
   0  127  127    0
   0  127  127    0
   0  127  127    0
   0  127  127    0
   0  127  129    0
 254  127  124    0
 254  127  124    0
 254  127  124    0
 254  127  124    0
 127  127    0    0
 127  127    0    0
 127  127    0    0
 127  127    0    0
 127  127    0    0
 127  127    0    0
 127  127    0    0
 127  127    0    0
 127  127    0    0
 127  127    0    0
 127  127    0    0
 127  127    0    0
 127  127    0    0
 127  127    0    0
 127  127    0    0
 127  127    0    0
 127  127    0    0
 127  127    0    0

 0 0 0 0    .... footer bytes
 27   [ 15 ]  28   [ 14 ]    tell says: 4602 
 28   [ 16 ] 
 8   [type identifier]   tell says: 4612 
108   [Number of vertices]
   0    0    0  255
   0    0    0  255
   0    0    0  255
   0    0    0  255
   0    0    0  255
   0    0    0  255
   0    0    0  255
   0    0    0  255
   0    0    0  255
   0    0    0  255
   0    0    0  255
   0    0    0  255
   0    0    0  255
   0    0    0  255
   0    0    0  255
   0    0    0  255
   0    0    0  255
   0    0    0  255
   0    0    0  255
   0    0    0  255
   0    0    0  255
   0    0    0  255
   0    0    0  255
   0    0    0  255
   0    0    0  255
   0    0    0  255
   0    0    0  255
   0    0    0  255
   0    0    0  255
   0    0    0  255
   0    0    0  255
   0    0    0  255
   0    0    0  255
   0    0    0  255
   0    0    0  255
   0    0    0  255
   0    0    0  255
   0    0    0  255
   0    0    0  255
   0    0    0  255
   0    0    0  255
   0    0    0  255
   0    0    0  255
   0    0    0  255
   0    0    0  255
   0    0    0  255
   0    0    0  255
   0    0    0  255
   0    0    0  255
   0    0    0  255
   0    0    0  255
   0    0    0  255
   0    0    0  255
   0    0    0  255
   0    0    0  255
   0    0    0  255
   0    0    0  255
   0    0    0  255
   0    0    0  255
   0    0    0  255
   0    0    0  255
   0    0    0  255
   0    0    0  255
   0    0    0  255
   0    0    0  255
   0    0    0  255
   0    0    0  255
   0    0    0  255
   0    0    0  255
   0    0    0  255
   0    0    0  255
   0    0    0  255
   0    0    0  255
   0    0    0  255
   0    0    0  255
   0    0    0  255
   0    0    0  255
   0    0    0  255
   0    0    0  255
   0    0    0  255
   0    0    0  255
   0    0    0  255
   0    0    0  255
   0    0    0  255
   0    0    0  255
   0    0    0  255
   0    0    0  255
   0    0    0  255
   0    0    0  255
   0    0    0  255
   0    0    0  255
   0    0    0  255
   0    0    0  255
   0    0    0  255
   0    0    0  255
   0    0    0  255
   0    0    0  255
   0    0    0  255
   0    0    0  255
   0    0    0  255
   0    0    0  255
   0    0    0  255
   0    0    0  255
   0    0    0  255
   0    0    0  255
   0    0    0  255
   0    0    0  255
   0    0    0  255

 0 0 0 0    .... footer bytes
 27   [ 17 ]  28   [ 16 ]    tell says: 5064 
 28   [ 18 ] 
 9   [type identifier]   tell says: 5074 
108   [Number of vertices]
   0    0    0    0
   0    0    0    0
   0    0    0    0
   0    0    0    0
   0    0    0    0
   0    0    0    0
   0    0    0    0
   0    0    0    0
   0    0    0    0
   0    0    0    0
   0    0    0    0
   0    0    0    0
   0    0    0    0
   0    0    0    0
   0    0    0    0
   0    0    0    0
   0    0    0    0
   0    0    0    0
   0    0    0    0
   0    0    0    0
   0    0    0    0
   0    0    0    0
   0    0    0    0
   0    0    0    0
   0    0    0    0
   0    0    0    0
   0    0    0    0
   0    0    0    0
   0    0    0    0
   0    0    0    0
   0    0    0    0
   0    0    0    0
   0    0    0    0
   0    0    0    0
   0    0    0    0
   0    0    0    0
   0    0    0    0
   0    0    0    0
   0    0    0    0
   0    0    0    0
   0    0    0    0
   0    0    0    0
   0    0    0    0
   0    0    0    0
   0    0    0    0
   0    0    0    0
   0    0    0    0
   0    0    0    0
   0    0    0    0
   0    0    0    0
   0    0    0    0
   0    0    0    0
   0    0    0    0
   0    0    0    0
   0    0    0    0
   0    0    0    0
   0    0    0    0
   0    0    0    0
   0    0    0    0
   0    0    0    0
   0    0    0    0
   0    0    0    0
   0    0    0    0
   0    0    0    0
   0    0    0    0
   0    0    0    0
   0    0    0    0
   0    0    0    0
   0    0    0    0
   0    0    0    0
   0    0    0    0
   0    0    0    0
   0    0    0    0
   0    0    0    0
   0    0    0    0
   0    0    0    0
   0    0    0    0
   0    0    0    0
   0    0    0    0
   0    0    0    0
   0    0    0    0
   0    0    0    0
   0    0    0    0
   0    0    0    0
   0    0    0    0
   0    0    0    0
   0    0    0    0
   0    0    0    0
   0    0    0    0
   0    0    0    0
   0    0    0    0
   0    0    0    0
   0    0    0    0
   0    0    0    0
   0    0    0    0
   0    0    0    0
   0    0    0    0
   0    0    0    0
   0    0    0    0
   0    0    0    0
   0    0    0    0
   0    0    0    0
   0    0    0    0
   0    0    0    0
   0    0    0    0
   0    0    0    0
   0    0    0    0
   0    0    0    0

 0 0 0 0    .... footer bytes
 27   [ 19 ]  28   [ 18 ]    tell says: 5526 
 28   [ 20 ] 
 13   [type identifier]   tell says: 5536 
108   [Number of vertices]
   2    0    0    0
   2    0    0    0
   2    0    0    0
   2    0    0    0
   2    0    0    0
   2    0    0    0
   2    0    0    0
   2    0    0    0
   2    0    0    0
   2    0    0    0
   2    0    0    0
   2    0    0    0
   2    0    0    0
   2    0    0    0
   2    0    0    0
   2    0    0    0
   2    0    0    0
   2    0    0    0
   2    0    0    0
   2    0    0    0
   2    0    0    0
   2    0    0    0
   2    0    0    0
   2    0    0    0
   2    0    0    0
   2    0    0    0
   2    0    0    0
   2    0    0    0
   2    0    0    0
   2    0    0    0
   2    0    0    0
   2    0    0    0
   2    0    0    0
   2    0    0    0
   2    0    0    0
   2    0    0    0
   2    0    0    0
   2    0    0    0
   2    0    0    0
   2    0    0    0
   2    0    0    0
   2    0    0    0
   2    0    0    0
   2    0    0    0
   2    0    0    0
   2    0    0    0
   2    0    0    0
   2    0    0    0
   2    0    0    0
   2    0    0    0
   2    0    0    0
   2    0    0    0
   2    0    0    0
   2    0    0    0
   2    0    0    0
   2    0    0    0
   2    0    0    0
   2    0    0    0
   2    0    0    0
   2    0    0    0
   2    0    0    0
   2    0    0    0
   2    0    0    0
   2    0    0    0
   2    0    0    0
   2    0    0    0
   2    0    0    0
   2    0    0    0
   2    0    0    0
   2    0    0    0
   2    0    0    0
   2    0    0    0
   2    0    0    0
   2    0    0    0
   2    0    0    0
   2    0    0    0
   2    0    0    0
   2    0    0    0
   2    0    0    0
   2    0    0    0
   2    0    0    0
   2    0    0    0
   2    0    0    0
   2    0    0    0
   2    0    0    0
   2    0    0    0
   2    0    0    0
   2    0    0    0
   2    0    0    0
   2    0    0    0
   2    0    0    0
   2    0    0    0
   2    0    0    0
   2    0    0    0
   2    0    0    0
   2    0    0    0
   2    0    0    0
   2    0    0    0
   2    0    0    0
   2    0    0    0
   2    0    0    0
   2    0    0    0
   2    0    0    0
   2    0    0    0
   2    0    0    0
   2    0    0    0
   2    0    0    0
   2    0    0    0

 0 0 0 0    .... footer bytes
 27   [ 21 ]  28   [ 20 ]    tell says: 5988 
 28   [ 22 ] 
 14   [type identifier]   tell says: 5998 
108   [Number of vertices]
   2    0    0    0
   2    0    0    0
   2    0    0    0
   2    0    0    0
   2    0    0    0
   2    0    0    0
   2    0    0    0
   2    0    0    0
   2    0    0    0
   2    0    0    0
   2    0    0    0
   2    0    0    0
   2    0    0    0
   2    0    0    0
   2    0    0    0
   2    0    0    0
   2    0    0    0
   2    0    0    0
   2    0    0    0
   2    0    0    0
   2    0    0    0
   2    0    0    0
   2    0    0    0
   2    0    0    0
   2    0    0    0
   2    0    0    0
   2    0    0    0
   2    0    0    0
   2    0    0    0
   2    0    0    0
   2    0    0    0
   2    0    0    0
   2    0    0    0
   2    0    0    0
   2    0    0    0
   2    0    0    0
   2    0    0    0
   2    0    0    0
   2    0    0    0
   2    0    0    0
   2    0    0    0
   2    0    0    0
   2    0    0    0
   2    0    0    0
   2    0    0    0
   2    0    0    0
   2    0    0    0
   2    0    0    0
   2    0    0    0
   2    0    0    0
   2    0    0    0
   2    0    0    0
   2    0    0    0
   2    0    0    0
   2    0    0    0
   2    0    0    0
   2    0    0    0
   2    0    0    0
   2    0    0    0
   2    0    0    0
   2    0    0    0
   2    0    0    0
   2    0    0    0
   2    0    0    0
   2    0    0    0
   2    0    0    0
   2    0    0    0
   2    0    0    0
   2    0    0    0
   2    0    0    0
   2    0    0    0
   2    0    0    0
   2    0    0    0
   2    0    0    0
   2    0    0    0
   2    0    0    0
   2    0    0    0
   2    0    0    0
   2    0    0    0
   2    0    0    0
   2    0    0    0
   2    0    0    0
   2    0    0    0
   2    0    0    0
   2    0    0    0
   2    0    0    0
   2    0    0    0
   2    0    0    0
   2    0    0    0
   2    0    0    0
   2    0    0    0
   2    0    0    0
   2    0    0    0
   2    0    0    0
   2    0    0    0
   2    0    0    0
   2    0    0    0
   2    0    0    0
   2    0    0    0
   2    0    0    0
   2    0    0    0
   2    0    0    0
   2    0    0    0
   2    0    0    0
   2    0    0    0
   2    0    0    0
   2    0    0    0
   2    0    0    0

 0 0 0 0    .... footer bytes
 27   [ 23 ]  28   [ 22 ]    tell says: 6450 
 28   [ 24 ] 
 2   [type identifier]   tell says: 6460 
108   [Number of vertices]
   0    0    0    0
   0    0    0    0
   0    0    0    0
   0    0    0    0
   0    0    0    0
   0    0    0    0
   0    0    0    0
   0    0    0    0
   0    0    0    0
   0    0    0    0
   0    0    0    0
   0    0    0    0
   0    0    0    0
   0    0    0    0
   0    0    0    0
   0    0    0    0
   0    0    0    0
   0    0    0    0
   0    0    0    0
   0    0    0    0
   0    0    0    0
   0    0    0    0
   0    0    0    0
   0    0    0    0
   0    0    0    0
   0    0    0    0
   0    0    0    0
   0    0    0    0
   0    0    0    0
   0    0    0    0
   0    0    0    0
   0    0    0    0
   0    0    0    0
   0    0    0    0
   0    0    0    0
   0    0    0    0
   0    0    0    0
   0    0    0    0
   0    0    0    0
   0    0    0    0
   0    0    0    0
   0    0    0    0
   0    0    0    0
   0    0    0    0
   0    0    0    0
   0    0    0    0
   0    0    0    0
   0    0    0    0
   0    0    0    0
   0    0    0    0
   0    0    0    0
   0    0    0    0
   0    0    0    0
   0    0    0    0
   0    0    1    0
   0    0    1    0
   0    0    1    0
   0    0    1    0
   0    0    1    0
   0    0    1    0
   0    0    1    0
   0    0    1    0
   0    0    1    0
   0    0    1    0
   0    0    1    0
   0    0    1    0
   0    0    1    0
   0    0    1    0
   0    0    1    0
   0    0    1    0
   0    0    1    0
   0    0    1    0
   0    0    1    0
   0    0    1    0
   0    0    1    0
   0    0    1    0
   0    0    1    0
   0    0    1    0
   0    0    1    0
   0    0    1    0
   0    0    1    0
   0    0    1    0
   0    0    1    0
   0    0    1    0
   0    0    1    0
   0    0    1    0
   0    0    1    0
   0    0    1    0
   0    0    1    0
   0    0    1    0
   0    0    1    0
   0    0    1    0
   0    0    1    0
   0    0    1    0
   0    0    1    0
   0    0    1    0
   0    0    1    0
   0    0    1    0
   0    0    1    0
   0    0    1    0
   0    0    1    0
   0    0    1    0
   0    0    1    0
   0    0    1    0
   0    0    1    0
   0    0    1    0
   0    0    1    0
   0    0    1    0

 0 0 0 0    .... footer bytes
 27   [ 25 ]  28   [ 24 ]    tell says: 6912 
 0 0 0 ....zeroes
 0.11567947  -0.05512188  0.00272604  6.93825674    tell says: 6938 
 0 ....zeroes   tell says: 6942 
0   [Number of bonestrings]
 3   1 0 [ 26 ]  4   [ 1 ] 
 0      .....pad
1   [number of textures]
 0      .....pad
 38   1 4 [ 27 ] 
19 buildingskinnedlod0
17
40 blockset/textures/mt_small_walls.texture
47 blockset/textures/mt_small_walls_normal.texture
Expected 15 integer zeroes
 0  0  0  0  0  0  0  0  0  0  0  0  0  0  0 
constant three integers 4, 1 and 3
 4  1  3
variable 4 bytes
18 192 63  0 

 4
255 255 255 255 
255 255 255 255 
255 255 255 255 
255 255 255 255 

 9
 0  0  0  0 
 0  0  0  0 
 0  0  0  0 
 0  0  0  0 
 0  0  0  0 
 0  0  0  0 
 0  0  0  0 
 0  0  0  0 
 0  0  0  0 

 8
  2
   0    short pad .....
   0  0 128 63  0  0  0  0  0  0  0  0  0  0  0  0  0  0  0  0  0  0 128 63  0  0  0  0  0  0  0  0
  2
   0  0 128 63  0  0  0  0  0  0  0  0  0  0  0  0  0  0  0  0  0  0 128 63  0  0  0  0  0  0  0  0
  2
   0  0 128 63  0  0  0  0  0  0  0  0  0  0  0  0  0  0  0  0  0  0 128 63  0  0  0  0  0  0  0  0
  2
   0  0 128 63  0  0  0  0  0  0  0  0  0  0  0  0  0  0  0  0  0  0 128 63  0  0  0  0  0  0  0  0
  2
   0  0 128 63  0  0  0  0  0  0  0  0  0  0  0  0  0  0  0  0  0  0 128 63  0  0  0  0  0  0  0  0
  2
   0  0 128 63  0  0  0  0  0  0  0  0  0  0  0  0  0  0  0  0  0  0 128 63  0  0  0  0  0  0  0  0
  2
   0  0 128 63  0  0  0  0  0  0  0  0  0  0  0  0  0  0  0  0  0  0 128 63  0  0  0  0  0  0  0  0
  2
   0  0 128 63  0  0  0  0  0  0  0  0  0  0  0  0  0  0  0  0  0  0 128 63  0  0  0  0  0  0  0  0
 37   1 0 [ 28 ]  38   [ 27 ]    tell says: 7542 
complex binding sphere    tell says: 7542
+0.11568 -0.05512 +0.00273 +6.93826    tell says: 7558 

